1080 71.2 5.648 0.3725
2129 593.6 1.336 0.3725
1131 134 3.143 0.3725
931.6 68.45 5.07 0.3725
684.7 122.3 2.086 0.3725
779.8 57.45 5.055 0.3725
1006 84.08 4.456 0.3725
826.4 112 2.749 0.3725
952.4 49.12 7.223 0.3725
635.5 62.07 3.813 0.3725
772.8 97.19 2.962 0.3725
846.3 55.75 5.654 0.3725
674.6 59.41 4.23 0.3725
432 93.54 1.72 0.3725
879.5 56.04 5.846 0.3725
980.3 60.96 5.99 0.3725
348.2 77.39 1.676 0.3725
720.5 60.15 4.462 0.3725
465.6 86.58 2.003 0.3725
443.8 80.67 2.049 0.3725
710.5 58.68 4.51 0.3725
744.4 71.88 3.857 0.3725
1056 217 1.812 0.3725
710.2 59.38 4.455 0.3725
707.4 68.55 3.844 0.3725
721 103.2 2.603 0.3725
707.9 57.66 4.573 0.3725
970.8 67.61 5.349 0.3725
1233 170.2 2.697 0.3725
756.3 52.3 5.387 0.3725
659.3 69.26 3.545 0.3725
339.5 77.8 1.626 0.3725
856.6 64.62 4.937 0.3725
980.2 71.26 5.124 0.3725
732.5 78.59 3.472 0.3725
600.2 55.87 4.002 0.3725
965.1 71.73 5.011 0.3725
809 148.3 2.033 0.3725
721.7 54.4 4.942 0.3725
686.9 65.69 3.895 0.3725
722.2 74.09 3.631 0.3725
625.1 56.44 4.125 0.3725
729.3 78.88 3.444 0.3725
555.1 81.67 2.532 0.3725
384.3 70.27 2.037 0.3725
612.8 114.4 1.996 0.3725
417 81.46 1.907 0.3725
287 61.28 1.744 0.3725
413.5 75.8 2.032 0.3725
641.2 93.54 2.553 0.3725
694.9 64.22 4.03 0.3725
404.9 77.47 1.947 0.3725
930.4 118.4 2.926 0.3725
858.4 58.66 5.45 0.3725
843.4 64.67 4.858 0.3725
555.1 84.76 2.439 0.3725
834.2 56.42 5.507 0.3725
629.8 64.31 3.648 0.3725
382 103 1.381 0.3725
1902 375.2 1.888 0.3725
769.4 76.5 3.746 0.3725
878.1 93.16 3.511 0.3725
892.9 69.55 4.782 0.3725
729.5 67.03 4.054 0.3725
826.7 84.17 3.658 0.3725
835.4 63.28 4.918 0.3725
2048 302.3 2.524 0.3725
723 94.69 2.844 0.3725
665.1 55.82 4.438 0.3725
597 70.26 3.165 0.3725
345.2 86.53 1.486 0.3725
738.3 64.32 4.276 0.3725
1188 220.4 2.007 0.3725
619 76.22 3.025 0.3725
695.4 58.95 4.394 0.3725
909 61.05 5.546 0.3725
619 85.91 2.684 0.3725
720.7 53.53 5.015 0.3725
450.7 76.4 2.197 0.3725
687.4 79.18 3.234 0.3725
919.5 54.84 6.244 0.3725
893.5 76.97 4.324 0.3725
749.5 68.27 4.089 0.3725
752.5 56.43 4.967 0.3725
643 66.37 3.609 0.3725
665.1 78.3 3.164 0.3725
882.6 55.24 5.951 0.3725
1087 93.66 4.322 0.3725
620.9 73.07 3.165 0.3725
615.6 56.31 4.073 0.3725
871.7 71.5 4.541 0.3725
676.4 78.79 3.197 0.3725
584.6 53.56 4.065 0.3725
405.8 75.16 2.011 0.3725
685.1 76.05 3.355 0.3725
733.6 60.95 4.483 0.3725
907.9 204.6 1.653 0.3725
657.9 75.85 3.231 0.3725
776.6 57.19 5.058 0.3725
732.2 71.05 3.839 0.3725
676.3 87.31 2.885 0.3725
639.2 52.77 4.512 0.3725
318.7 70.76 1.678 0.3725
693.6 59.29 4.358 0.3725
810.9 82.31 3.67 0.3725
1282 82.61 5.779 0.3725
596.7 77.17 2.88 0.3725
725.4 56.72 4.763 0.3725
583.2 117.1 1.854 0.3725
651.2 84.03 2.886 0.3725
408.5 96.02 1.585 0.3725
827.4 98.93 3.115 0.3725
532.9 103.3 1.922 0.3725
1801 236.3 2.839 0.3725
1026 75.22 5.08 0.3725
713.6 140 1.898 0.3725
1051 69.43 5.638 0.3725
1073 75.7 5.279 0.3725
400.3 79.2 1.882 0.3725
918 64.58 5.294 0.3725
867.4 77.12 4.19 0.3725
1073 71.72 5.572 0.3725
3565 489.1 2.715 0.3725
758.4 73.42 3.847 0.3725
805.1 55.19 5.434 0.3725
405 100.6 1.499 0.3725
851.7 76.85 4.128 0.3725
1023 64.37 5.916 0.3725
2255 231.6 3.626 0.3725
802.8 71.1 4.206 0.3725
792.2 68.47 4.309 0.3725
479.7 110.6 1.615 0.3725
617.8 80.17 2.87 0.3725
836.6 65.38 4.766 0.3725
1526 270.6 2.1 0.3725
727.1 80.38 3.369 0.3725
731.6 66.83 4.077 0.3725
916.1 70.89 4.813 0.3725
1014 73.76 5.122 0.3725
1248 80.5 5.776 0.3725
683.4 65.7 3.874 0.3725
1046 97.77 3.985 0.3725
829.6 142.2 2.174 0.3725
5860 844.3 2.585 0.3725
1190 74.28 5.968 0.3725
1208 69.44 6.48 0.3725
1265 135.3 3.484 0.3725
1100 64.31 6.369 0.3725
1384 89.26 5.776 0.3725
805.7 191.2 1.57 0.3725
996.6 73.65 5.04 0.3725
755.4 202.6 1.389 0.3725
982.4 79.02 4.631 0.3725
1107 150.5 2.739 0.3725
1066 169.6 2.34 0.3725
1165 83.73 5.181 0.3725
1098 73.91 5.531 0.3725
1164 81.35 5.332 0.3725
1008 78.91 4.756 0.3725
440.2 91.64 1.789 0.3725
1095 94.95 4.295 0.3725
996.2 73.34 5.059 0.3725
992.3 81.96 4.509 0.3725
1693 142.4 4.43 0.3725
944.7 91.82 3.832 0.3725
1013 73.1 5.164 0.3725
694.3 82.03 3.153 0.3725
786.8 77.11 3.801 0.3725
661.5 119 2.07 0.3725
877.9 68.4 4.78 0.3725
954 74.2 4.789 0.3725
1413 85.51 6.154 0.3725
979.1 79.59 4.582 0.3725
905 66.34 5.081 0.3725
1137 94.73 4.469 0.3725
467.6 88.3 1.972 0.3725
1001 93.25 3.997 0.3725
1160 60.24 7.171 0.3725
654.3 95.82 2.543 0.3725
1041 72.2 5.369 0.3725
1008 73.77 5.087 0.3725
1404 83.12 6.29 0.3725
1057 71.37 5.519 0.3725
974.5 72.57 5.002 0.3725
1162 103.8 4.168 0.3725
1033 65.74 5.852 0.3725
1051 84.83 4.613 0.3725
1228 98.47 4.647 0.3725
917.6 69.94 4.887 0.3725
1160 68.26 6.328 0.3725
872.5 84.98 3.824 0.3725
984 85.77 4.274 0.3725
1143 82.95 5.132 0.3725
719.7 143.2 1.872 0.3725
1021 95.35 3.989 0.3725
1540 70.7 8.111 0.3725
896.6 138.9 2.405 0.3725
895.4 71.13 4.689 0.3725
1707 192.1 3.309 0.3725
663.7 108.3 2.284 0.3725
1011 96.04 3.919 0.3725
1099 88.82 4.608 0.3725
611.4 110.8 2.055 0.3725
1122 74.98 5.572 0.3725
1165 70.13 6.189 0.3725
657 118.7 2.062 0.3725
1039 76.14 5.081 0.3725
401.8 96.27 1.555 0.3725
586.9 85.64 2.552 0.3725
889.8 68.99 4.804 0.3725
1428 80.45 6.614 0.3725
738 121.2 2.268 0.3725
913.8 75.15 4.529 0.3725
556.9 77.14 2.689 0.3725
422.7 100.2 1.572 0.3725
1113 69.76 5.94 0.3725
565.5 109 1.932 0.3725
634.6 112.7 2.098 0.3725
644.4 79.22 3.03 0.3725
543.7 111.3 1.819 0.3725
1366 162.5 3.13 0.3725
597.9 82.37 2.704 0.3725
718.2 119.6 2.237 0.3725
1750 168.9 3.86 0.3725
717.7 70.14 3.811 0.3725
1104 96.27 4.272 0.3725
1121 134.5 3.104 0.3725
840 69.39 4.509 0.3725
772.5 109.1 2.637 0.3725
932.8 177.8 1.954 0.3725
900.2 71.4 4.696 0.3725
870.2 53.97 6.005 0.3725
898 59.78 5.595 0.3725
787.2 68.51 4.279 0.3725
1139 60.32 7.035 0.3725
956.8 70.91 5.026 0.3725
750.3 61.52 4.543 0.3725
1219 122.2 3.716 0.3725
916.4 67.76 5.038 0.3725
751 71.37 3.919 0.3725
944 59.16 5.943 0.3725
883.1 61.62 5.338 0.3725
656.5 70.58 3.464 0.3725
874.5 59.88 5.44 0.3725
830.9 54.7 5.658 0.3725
869.5 77.97 4.154 0.3725
585.1 54.94 3.966 0.3725
950.7 62.66 5.651 0.3725
988.1 73.88 4.981 0.3725
850.1 52.92 5.984 0.3725
952.9 68.16 5.207 0.3725
938.2 56.4 6.195 0.3725
943.2 54.61 6.433 0.3725
720.6 68.86 3.898 0.3725
960.4 68.66 5.21 0.3725
991 56.34 6.552 0.3725
869.4 64.05 5.056 0.3725
921.3 70.22 4.887 0.3725
826.1 56.23 5.472 0.3725
748.4 63.78 4.371 0.3725
890.6 56.93 5.827 0.3725
1054 66.2 5.929 0.3725
908.4 61.76 5.478 0.3725
849.9 63.95 4.95 0.3725
695.5 61.33 4.224 0.3725
849.1 55.26 5.723 0.3725
774 54.96 5.246 0.3725
756.3 70.29 4.008 0.3725
631.8 50.18 4.689 0.3725
743.6 61.62 4.495 0.3725
858.2 62.85 5.086 0.3725
549.2 47.61 4.296 0.3725
857.6 61.43 5.2 0.3725
840.2 80.48 3.888 0.3725
833.1 54.68 5.675 0.3725
758.8 69.5 4.066 0.3725
1030 85.35 4.494 0.3725
839.4 54.87 5.699 0.3725
930.7 70.21 4.938 0.3725
900.4 61.23 5.478 0.3725
912.6 52.73 6.446 0.3725
935.6 54.3 6.418 0.3725
984.5 63.29 5.794 0.3725
908.6 51.59 6.56 0.3725
902.4 74.76 4.496 0.3725
732.3 62.34 4.376 0.3725
656.7 58.04 4.215 0.3725
1191 64.91 6.834 0.3725
995.6 56.56 6.557 0.3725
1000 65.84 5.659 0.3725
973.1 70.96 5.108 0.3725
866.8 55.59 5.807 0.3725
954 55.36 6.418 0.3725
1002 72.15 5.171 0.3725
757.6 52.84 5.34 0.3725
838.8 53.88 5.799 0.3725
973.8 75.29 4.818 0.3725
857.4 54.31 5.881 0.3725
872.9 50.79 6.402 0.3725
770.1 84.53 3.394 0.3725
855.3 53.96 5.904 0.3725
910.4 55.92 6.064 0.3725
917.5 71.9 4.753 0.3725
808.1 51.39 5.856 0.3725
987.9 54.27 6.78 0.3725
850.4 72.03 4.398 0.3725
1076 63.08 6.356 0.3725
756.6 54.11 5.209 0.3725
741.9 70.09 3.943 0.3725
550.6 67.49 3.039 0.3725
793.8 65.76 4.496 0.3725
816.4 92.83 3.276 0.3725
687 62.53 4.093 0.3725
821.4 87.79 3.485 0.3725
479.3 87.24 2.046 0.3725
745.1 57.32 4.842 0.3725
850.7 54.65 5.799 0.3725
718.7 81.8 3.273 0.3725
825.4 61.11 5.031 0.3725
727.1 55.17 4.909 0.3725
927.6 74.73 4.623 0.3725
742 58.11 4.756 0.3725
636.8 53.21 4.458 0.3725
698.2 72.39 3.592 0.3725
766.3 56.17 5.082 0.3725
985 55.85 6.57 0.3725
692.1 81.64 3.158 0.3725
840.9 55.53 5.641 0.3725
763.8 56.63 5.023 0.3725
1109 83.59 4.943 0.3725
788 58.6 5.009 0.3725
650 53.83 4.497 0.3725
883.5 65.38 5.033 0.3725
651.9 50.04 4.853 0.3725
869.2 55.96 5.785 0.3725
776.5 70.32 4.113 0.3725
764 57.91 4.914 0.3725
610.3 60.62 3.75 0.3725
652.6 67.75 3.588 0.3725
695.9 63.22 4.1 0.3725
618.4 58.07 3.967 0.3725
584.4 82.18 2.649 0.3725
591.6 56.54 3.897 0.3725
786.3 54.47 5.376 0.3725
815.3 62.69 4.844 0.3725
732.9 57.98 4.708 0.3725
816.1 54.5 5.577 0.3725
823.4 76.5 4.009 0.3725
935.4 55.01 6.333 0.3725
921.2 57.27 5.992 0.3725
1089 66.56 6.096 0.3725
966.1 63.03 5.709 0.3725
1026 54.43 7.023 0.3725
1077 77.03 5.21 0.3725
1026 62.79 6.084 0.3725
1062 58.67 6.741 0.3725
1131 91.78 4.589 0.3725
1067 55.47 7.163 0.3725
996.1 57.98 6.399 0.3725
975 71.3 5.093 0.3725
892.4 66.79 4.976 0.3725
991.3 58.76 6.284 0.3725
867 73.86 4.372 0.3725
975.9 58.05 6.262 0.3725
930.1 58.65 5.907 0.3725
835.4 64.32 4.838 0.3725
995.5 62.28 5.954 0.3725
852.4 58.52 5.426 0.3725
868.8 80.9 4 0.3725
1049 58.33 6.7 0.3725
996.4 56.81 6.533 0.3725
751.9 66.08 4.238 0.3725
935.5 55.81 6.243 0.3725
942.8 58.1 6.045 0.3725
812 65.78 4.598 0.3725
1953 352.5 2.064 0.3725
1008 56.39 6.655 0.3725
1184 50.6 8.719 0.3725
1122 62.79 6.658 0.3725
1049 63.96 6.107 0.3725
961.8 55 6.513 0.3725
1194 58.42 7.611 0.3725
836 67 4.648 0.3725
1000 57.8 6.445 0.3725
795.2 57.88 5.117 0.3725
952.1 70.73 5.014 0.3725
876.3 58.62 5.568 0.3725
928.8 59.83 5.782 0.3725
1158 75.51 5.714 0.3725
927.5 60.5 5.71 0.3725
953.7 58.05 6.119 0.3725
1166 76.69 5.661 0.3725
922.5 59.35 5.79 0.3725
797.6 60.24 4.932 0.3725
860.8 73.4 4.368 0.3725
1100 58.19 7.044 0.3725
990 56.11 6.572 0.3725
1006 65.68 5.706 0.3725
1199 53.41 8.36 0.3725
1026 52.38 7.298 0.3725
924.9 64.29 5.358 0.3725
784.8 56.45 5.178 0.3725
877 49.79 6.561 0.3725
853.7 53.76 5.914 0.3725
721.2 62.79 4.278 0.3725
712.5 48.35 5.488 0.3725
905.8 59.05 5.714 0.3725
979.8 54.99 6.637 0.3725
1080 51.12 7.87 0.3725
978 56.44 6.454 0.3725
1060 60.51 6.523 0.3725
1082 53.16 7.583 0.3725
941.4 59.1 5.933 0.3725
982.5 58.64 6.241 0.3725
960.1 51.51 6.942 0.3725
1043 64.21 6.048 0.3725
851 60.08 5.275 0.3725
1067 51.8 7.669 0.3725
1140 62.2 6.827 0.3725
956.7 58.76 6.065 0.3725
1069 51.01 7.805 0.3725
1277 63.11 7.539 0.3725
1075 63.27 6.326 0.3725
1155 50.6 8.502 0.3725
1253 70.17 6.651 0.3725
1263 53.21 8.842 0.3725
1250 52.88 8.802 0.3725
1188 58.79 7.525 0.3725
1166 58.28 7.455 0.3725
1112 55.78 7.425 0.3725
1016 234.2 1.616 0.3725
829.9 63.26 4.886 0.3725
881.6 52.25 6.285 0.3725
905 60.75 5.549 0.3725
856.2 58.8 5.423 0.3725
994.4 55.79 6.639 0.3725
835.6 61.68 5.046 0.3725
1011 54.61 6.897 0.3725
1192 54.3 8.179 0.3725
1003 57.23 6.528 0.3725
850.3 68.93 4.595 0.3725
1018 47.72 7.945 0.3725
1110 61.53 6.72 0.3725
1031 52.02 7.38 0.3725
1117 50 8.325 0.3725
1263 66.45 7.08 0.3725
815.2 59.8 5.078 0.3725
974.6 46.82 7.753 0.3725
1020 56.86 6.681 0.3725
831 56.33 5.495 0.3725
1052 43.48 9.008 0.3725
949.6 55.07 6.423 0.3725
881.8 63.82 5.147 0.3725
927.2 55.06 6.272 0.3725
1015 61.3 6.17 0.3725
965.4 60.28 5.965 0.3725
850.5 52.05 6.086 0.3725
929 61.27 5.648 0.3725
949.2 58.1 6.085 0.3725
1023 51.11 7.458 0.3725
989.1 53.91 6.834 0.3725
921.8 59.72 5.75 0.3725
739.4 64.32 4.282 0.3725
982.3 59.97 6.101 0.3725
903.9 63.65 5.289 0.3725
824.2 53.71 5.715 0.3725
774 53.25 5.414 0.3725
1196 71.48 6.23 0.3725
766.6 51.41 5.554 0.3725
882.4 55.01 5.974 0.3725
777.1 60.72 4.767 0.3725
854.3 60.87 5.228 0.3725
904.3 58.7 5.738 0.3725
821.4 66.07 4.631 0.3725
1030 57.4 6.687 0.3725
897.7 56.75 5.892 0.3725
912.4 60.92 5.579 0.3725
833.7 52.93 5.867 0.3725
885.5 59.96 5.5 0.3725
851.7 65.26 4.861 0.3725
1030 57.48 6.676 0.3725
959.1 54.23 6.588 0.3725
958.9 62.48 5.716 0.3725
896.2 59.54 5.607 0.3725
719.7 55.82 4.803 0.3725
998.4 66.3 5.609 0.3725
859.1 68 4.706 0.3725
832.3 60.25 5.146 0.3725
832.5 61.95 5.006 0.3725
825.1 67.73 4.537 0.3725
825.3 72.45 4.243 0.3725
779.2 55.68 5.212 0.3725
732 55.61 4.903 0.3725
818.9 61.22 4.982 0.3725
871.3 54.51 5.954 0.3725
902.2 58.93 5.703 0.3725
751.4 66.45 4.212 0.3725
379 78.72 1.794 0.3725
943.8 82.04 4.285 0.3725
535.5 68.1 2.929 0.3725
580.6 89.48 2.417 0.3725
527.9 93.97 2.092 0.3725
956.3 66.14 5.385 0.3725
859.6 62.32 5.138 0.3725
608.7 58.78 3.857 0.3725
681.1 76.25 3.327 0.3725
610.9 65.59 3.469 0.3725
837.2 85.81 3.634 0.3725
844.2 65.37 4.81 0.3725
919.9 60.22 5.69 0.3725
812.1 70.54 4.288 0.3725
1012 117.3 3.212 0.3725
709.3 107.7 2.453 0.3725
617.8 89.42 2.573 0.3725
942.3 78.67 4.461 0.3725
793.1 63.77 4.632 0.3725
430.8 88.51 1.813 0.3725
759.5 63.41 4.461 0.3725
732.6 68.66 3.974 0.3725
774.8 76.6 3.768 0.3725
694.2 64.27 4.023 0.3725
385.2 68.85 2.084 0.3725
300.9 86.21 1.3 0.3725
936.1 69.46 5.02 0.3725
448.2 119.4 1.398 0.3725
1114 95.09 4.363 0.3725
1872 402.2 1.734 0.3725
534.1 124.5 1.598 0.3725
1135 274.8 1.538 0.3725
5327 1075 1.846 0.3725
989.4 147.1 2.505 0.3725
4116 699.6 2.191 0.3725
2690 766.2 1.308 0.3725
1676 295.6 2.112 0.3725
1745 339.4 1.915 0.3725
3953 913 1.613 0.3725
1192 126.1 3.518 0.3725
806.9 214.7 1.4 0.3725
2134 476.7 1.667 0.3725
824.4 100.4 3.058 0.3725
1392 180.7 2.869 0.3725
2983 526.4 2.111 0.3725
1242 218.4 2.118 0.3725
993.5 230.4 1.606 0.3725
784.7 235 1.244 0.3725
370.9 87.58 1.578 0.3725
918.3 81.46 4.199 0.3725
530.6 132.4 1.492 0.3725
1008 94.47 3.976 0.3725
1641 285.5 2.141 0.3725
958.8 288.9 1.236 0.3725
1241 155.5 2.973 0.3725
1853 318.5 2.167 0.3725
1150 366.1 1.169 0.3725
1573 257.3 2.278 0.3725
1210 327.1 1.378 0.3725
914 140.7 2.42 0.3725
563.8 113.2 1.855 0.3725
1012 193.9 1.943 0.3725
1314 151.5 3.231 0.3725
767.1 98.78 2.893 0.3725
552.4 126.9 1.621 0.3725
3769 714 1.966 0.3725
466.8 71.26 2.44 0.3725
1056 93.46 4.209 0.3725
1055 190.6 2.061 0.3725
743.6 67.46 4.106 0.3725
500.4 71.49 2.607 0.3725
331.6 135.6 0.9108 0.3725
335.2 86.36 1.446 0.3725
1101 229.3 1.789 0.3725
1034 208.7 1.847 0.3725
540.8 69.05 2.917 0.3725
504.8 112.3 1.674 0.3725
682.8 107.7 2.362 0.3725
459.5 84.76 2.019 0.3725
512 83.5 2.284 0.3725
673.9 113.5 2.211 0.3725
875.9 120.3 2.713 0.3725
469.3 75.06 2.329 0.3725
360.1 97.9 1.37 0.3725
292.5 69.99 1.556 0.3725
290.9 67.04 1.616 0.3725
677.5 99.01 2.548 0.3725
286.7 63.17 1.691 0.3725
348.9 80.69 1.61 0.3725
641.5 171.7 1.391 0.3725
507.9 68.79 2.75 0.3725
606.2 60.96 3.704 0.3725
412.3 132.3 1.16 0.3725
692 63.89 4.034 0.3725
636.6 58.67 4.042 0.3725
539.6 93.79 2.143 0.3725
575.7 60.73 3.531 0.3725
650.1 74.45 3.253 0.3725
700.6 122.8 2.126 0.3725
530.8 91.17 2.169 0.3725
678.6 172.3 1.467 0.3725
388.7 142.8 1.014 0.3725
369.4 90.09 1.527 0.3725
365.3 87.1 1.562 0.3725
964.1 148 2.426 0.3725
336.4 82.2 1.524 0.3725
349.6 85.58 1.521 0.3725
893.6 223.7 1.488 0.3725
743.6 71.73 3.862 0.3725
834.2 85.98 3.614 0.3725
642.6 84.77 2.824 0.3725
773.3 65.6 4.391 0.3725
707.6 72.83 3.619 0.3725
829.7 139.6 2.213 0.3725
1420 284 1.862 0.3725
332.8 75.92 1.633 0.3725
1078 96.35 4.166 0.3725
735.2 66.42 4.123 0.3725
522.7 68.94 2.824 0.3725
538.4 90.44 2.218 0.3725
604 65.56 3.431 0.3725
311.1 62.86 1.844 0.3725
769.5 91.68 3.126 0.3725
465.8 63.47 2.734 0.3725
719.7 66.33 4.042 0.3725
492 75.4 2.43 0.3725
677.4 63 4.005 0.3725
386.9 65.97 2.184 0.3725
624.6 111.1 2.093 0.3725
662.1 65.76 3.75 0.3725
950.3 91.59 3.864 0.3725
590.9 115 1.914 0.3725
484.5 66.93 2.696 0.3725
634.7 76.57 3.087 0.3725
820.5 100.8 3.032 0.3725
512.7 76.35 2.501 0.3725
822.8 80.94 3.786 0.3725
994 136.5 2.713 0.3725
789.3 72.15 4.075 0.3725
785.8 89.2 3.281 0.3725
614.3 122.8 1.863 0.3725
784.9 67.84 4.309 0.3725
634.7 76.54 3.089 0.3725
443.9 108.3 1.527 0.3725
743.3 75.5 3.667 0.3725
624 73.23 3.174 0.3725
587.8 73.86 2.964 0.3725
681.9 76.76 3.309 0.3725
896.3 98.77 3.38 0.3725
774.3 106.7 2.704 0.3725
548.2 93.7 2.179 0.3725
408.8 84.12 1.81 0.3725
504.8 105.8 1.777 0.3725
1021 171.4 2.218 0.3725
791.4 140 2.105 0.3725
659.9 189.2 1.299 0.3725
2031 386.3 1.958 0.3725
1361 126.2 4.017 0.3725
1269 139.5 3.387 0.3725
1221 310.9 1.462 0.3725
816.9 95.33 3.192 0.3725
501 99.16 1.882 0.3725
779 101.8 2.85 0.3725
582.4 97.19 2.232 0.3725
827.9 100.1 3.08 0.3725
740.2 70.59 3.906 0.3725
985.8 114.9 3.194 0.3725
862 72.09 4.454 0.3725
932.6 213.7 1.626 0.3725
750.4 66.17 4.224 0.3725
845.6 70.53 4.466 0.3725
903.1 86.77 3.877 0.3725
581.7 111.6 1.941 0.3725
413.6 171.8 0.8966 0.3725
830.9 64.9 4.769 0.3725
1164 136.6 3.175 0.3725
984.4 65.9 5.565 0.3725
1042 165.7 2.343 0.3725
841.3 81.76 3.833 0.3725
291.3 66.93 1.621 0.3725
855.6 68.28 4.668 0.3725
924.4 127 2.712 0.3725
575.5 111.6 1.921 0.3725
1169 130.8 3.33 0.3725
483.9 105.7 1.705 0.3725
810.1 54.44 5.543 0.3725
672.7 69.82 3.588 0.3725
672.1 108.2 2.313 0.3725
746.4 98.08 2.835 0.3725
779.6 165.1 1.759 0.3725
877 182.3 1.792 0.3725
530.5 92.62 2.134 0.3725
674.3 156 1.61 0.3725
873.2 81.55 3.988 0.3725
927.9 107.1 3.226 0.3725
574.7 120.8 1.773 0.3725
940.3 273.5 1.281 0.3725
744.3 90.53 3.062 0.3725
959.8 121.4 2.945 0.3725
997.6 80.79 4.599 0.3725
417.4 91.27 1.704 0.3725
686 58.37 4.378 0.3725
859.3 77.85 4.111 0.3725
400.8 85.01 1.756 0.3725
706.4 61.3 4.292 0.3725
680.1 142.9 1.773 0.3725
897.8 92.95 3.598 0.3725
233.1 69.72 1.245 0.3725
801.1 73.75 4.046 0.3725
769.8 77.35 3.707 0.3725
634.5 61.65 3.833 0.3725
849.2 84.16 3.758 0.3725
503.3 117.3 1.599 0.3725
986 66.8 5.498 0.3725
1110 131.7 3.138 0.3725
915 65.82 5.178 0.3725
859.8 62.22 5.147 0.3725
1070 104.6 3.811 0.3725
520.1 108.9 1.78 0.3725
1000 61.64 6.044 0.3725
864 114.6 2.809 0.3725
698 142.6 1.823 0.3725
850.2 55.94 5.661 0.3725
804.9 99.71 3.007 0.3725
507.1 94.34 2.002 0.3725
695.4 59.37 4.363 0.3725
687.8 101.7 2.518 0.3725
733.4 77.69 3.516 0.3725
834.8 56.14 5.539 0.3725
830.4 205.6 1.504 0.3725
833.9 63.33 4.904 0.3725
892.9 64.66 5.144 0.3725
1099 162.6 2.518 0.3725
386.9 85.98 1.676 0.3725
777.8 57.44 5.044 0.3725
1122 154.9 2.698 0.3725
427.5 95.95 1.66 0.3725
910.5 61.28 5.534 0.3725
1348 279 1.8 0.3725
1080 144.1 2.792 0.3725
990 75.5 4.884 0.3725
1042 94.3 4.115 0.3725
1168 169.6 2.564 0.3725
962.6 61.08 5.87 0.3725
839.8 109.9 2.845 0.3725
562 148.6 1.409 0.3725
994.8 67.49 5.49 0.3725
822.2 124.4 2.463 0.3725
851.7 94.06 3.373 0.3725
910.9 61.85 5.486 0.3725
782 189.6 1.537 0.3725
1414 130.4 4.039 0.3725
760.8 60.48 4.685 0.3725
992.9 96.99 3.813 0.3725
661.3 110.1 2.237 0.3725
844.2 55.39 5.677 0.3725
689.6 136.1 1.887 0.3725
1152 79.26 5.411 0.3725
770.2 55.99 5.124 0.3725
960.6 111.7 3.202 0.3725
694.9 117.3 2.207 0.3725
1100 66.92 6.123 0.3725
1181 220.8 1.993 0.3725
1568 95.37 6.124 0.3725
872.1 59.92 5.421 0.3725
1003 76.22 4.903 0.3725
486.8 78.29 2.316 0.3725
814.9 128.2 2.367 0.3725
1062 116.1 3.408 0.3725
642 54.66 4.375 0.3725
488.1 102 1.783 0.3725
671.2 100.2 2.496 0.3725
949.5 78.55 4.502 0.3725
1309 183.4 2.659 0.3725
1255 206 2.27 0.3725
764.7 76.22 3.737 0.3725
1374 234.9 2.179 0.3725
1160 151 2.863 0.3725
624.9 73.89 3.15 0.3725
613.9 132.9 1.72 0.3725
2681 279.6 3.571 0.3725
903.4 84.12 4 0.3725
516 115.2 1.668 0.3725
1004 147.5 2.535 0.3725
1073 126.5 3.159 0.3725
816.6 127.5 2.386 0.3725
869 168.3 1.923 0.3725
2164 224.1 3.596 0.3725
907.5 137.1 2.466 0.3725
826.8 150.1 2.052 0.3725
711.1 259.2 1.022 0.3725
1039 183.9 2.104 0.3725
1128 444.5 0.945 0.3725
1033 159.7 2.409 0.3725
779.4 130.7 2.222 0.3725
1018 205.3 1.848 0.3725
604.3 86.49 2.603 0.3725
1650 301.4 2.038 0.3725
1603 241.3 2.475 0.3725
487.1 109.4 1.658 0.3725
1682 238.2 2.631 0.3725
1497 242.6 2.298 0.3725
511.6 115.4 1.652 0.3725
961 106.3 3.368 0.3725
677.3 117.3 2.151 0.3725
656.2 102.3 2.388 0.3725
942.4 79.16 4.434 0.3725
1750 296.6 2.198 0.3725
940.5 61.85 5.663 0.3725
1162 334.6 1.294 0.3725
1366 141.6 3.593 0.3725
1409 132.1 3.972 0.3725
600.8 159.7 1.402 0.3725
1563 156.9 3.71 0.3725
576.6 90.91 2.362 0.3725
573.7 166.1 1.287 0.3725
1252 129 3.615 0.3725
739.8 76.79 3.588 0.3725
1074 105.7 3.785 0.3725
929 196.9 1.757 0.3725
723.7 125.9 2.141 0.3725
1628 346 1.753 0.3725
1201 181.8 2.461 0.3725
1218 105.5 4.299 0.3725
847.3 138.1 2.285 0.3725
1004 121.3 3.082 0.3725
1346 88.32 5.678 0.3725
1153 269.5 1.594 0.3725
714.5 113.2 2.351 0.3725
1207 91.1 4.935 0.3725
869.2 113.1 2.863 0.3725
1274 240.8 1.97 0.3725
1708 115 5.532 0.3725
1236 267.7 1.719 0.3725
1275 115.9 4.097 0.3725
1022 70.55 5.394 0.3725
867.9 226.2 1.429 0.3725
898.1 79.39 4.214 0.3725
947.9 57.27 6.166 0.3725
1664 237.3 2.612 0.3725
1040 169.9 2.28 0.3725
1606 96.92 6.17 0.3725
1074 150.7 2.655 0.3725
1057 121.2 3.25 0.3725
739.8 127.7 2.158 0.3725
866.3 257.2 1.255 0.3725
1125 183.8 2.279 0.3725
944.3 179.3 1.962 0.3725
1029 223 1.719 0.3725
1380 125.7 4.092 0.3725
737.8 93.74 2.932 0.3725
738.4 188.2 1.461 0.3725
1055 153.9 2.553 0.3725
2255 284.7 2.951 0.3725
746.2 221.9 1.253 0.3725
1361 104 4.877 0.3725
654.3 94.25 2.586 0.3725
1045 260.6 1.493 0.3725
1333 118.9 4.176 0.3725
1713 97.87 6.52 0.3725
1350 186.4 2.698 0.3725
788.7 120.1 2.445 0.3725
711.6 108.9 2.434 0.3725
493.4 166 1.107 0.3725
1330 108.4 4.569 0.3725
1261 116.6 4.028 0.3725
1516 197.4 2.862 0.3725
1550 131.2 4.4 0.3725
1144 107.9 3.95 0.3725
1206 255 1.761 0.3725
1437 175 3.059 0.3725
1185 107.8 4.096 0.3725
685.8 214.2 1.193 0.3725
1141 95.7 4.441 0.3725
513.4 113.2 1.69 0.3725
842.6 203.1 1.546 0.3725
859.7 113.9 2.812 0.3725
1125 108.7 3.855 0.3725
1436 184.1 2.906 0.3725
1225 97.01 4.702 0.3725
1559 68.47 8.479 0.3725
991.9 160.2 2.307 0.3725
1488 55.64 9.961 0.3725
1255 112.1 4.169 0.3725
2401 218.1 4.1 0.3725
544.5 109.1 1.859 0.3725
1228 184.9 2.474 0.3725
1898 118.2 5.981 0.3725
1861 131.9 5.257 0.3725
1314 174.7 2.8 0.3725
716.8 142.1 1.879 0.3725
1171 91.17 4.785 0.3725
907.8 139.1 2.43 0.3725
1434 116.1 4.6 0.3725
613.6 134.7 1.697 0.3725
1012 117.4 3.213 0.3725
1075 167.9 2.386 0.3725
570.1 110.8 1.916 0.3725
930.9 204.9 1.692 0.3725
1630 145.7 4.166 0.3725
949.6 136.7 2.587 0.3725
850.1 119.3 2.654 0.3725
1375 146.4 3.499 0.3725
906.2 167.3 2.017 0.3725
1162 162 2.672 0.3725
833.5 134.5 2.309 0.3725
1388 123.6 4.181 0.3725
1281 135.9 3.509 0.3725
1374 100 5.117 0.3725
993.1 122.6 3.018 0.3725
1446 146.8 3.669 0.3725
703.4 111.2 2.356 0.3725
1535 172.1 3.321 0.3725
1236 165 2.791 0.3725
1474 188.7 2.91 0.3725
448.5 108.3 1.542 0.3725
1451 340.3 1.589 0.3725
1267 134.7 3.505 0.3725
1209 114.5 3.934 0.3725
1328 71.77 6.893 0.3725
1275 131 3.624 0.3725
633.3 134.7 1.751 0.3725
607.5 192 1.178 0.3725
686.5 123.2 2.075 0.3725
1733 135.6 4.761 0.3725
1307 148.1 3.286 0.3725
1300 116.5 4.158 0.3725
767.1 135.3 2.112 0.3725
1053 133.4 2.938 0.3725
734.8 116.5 2.349 0.3725
1177 107.2 4.088 0.3725
774.5 169.5 1.702 0.3725
769.2 132.8 2.158 0.3725
1135 127 3.329 0.3725
1180 168 2.618 0.3725
1589 145 4.082 0.3725
614.5 109.4 2.091 0.3725
1223 209.7 2.172 0.3725
858.2 147.2 2.172 0.3725
1362 101.4 5.002 0.3725
1318 182.6 2.688 0.3725
1156 120.3 3.578 0.3725
1429 171.1 3.111 0.3725
1208 163.8 2.748 0.3725
621.3 118.6 1.951 0.3725
600 116.8 1.913 0.3725
1283 142 3.364 0.3725
1274 144.2 3.291 0.3725
1215 106.3 4.257 0.3725
1020 201.2 1.888 0.3725
1453 83.85 6.456 0.3725
1243 92.51 5.007 0.3725
1345 203.9 2.457 0.3725
1158 87.45 4.932 0.3725
908.2 71.42 4.736 0.3725
1233 239.1 1.921 0.3725
818.5 124 2.458 0.3725
867.9 130.4 2.48 0.3725
1115 147.4 2.817 0.3725
1180 95.4 4.608 0.3725
1036 140.8 2.739 0.3725
1522 142.8 3.969 0.3725
1545 81.75 7.038 0.3725
1251 74.72 6.239 0.3725
1069 194.8 2.044 0.3725
1536 102.1 5.606 0.3725
1371 76.65 6.664 0.3725
1122 178.8 2.337 0.3725
648.7 112.8 2.141 0.3725
1251 76.38 6.103 0.3725
1276 186.3 2.552 0.3725
903.2 123 2.735 0.3725
1283 84.76 5.638 0.3725
1204 106.5 4.211 0.3725
1534 122.3 4.669 0.3725
1299 89.15 5.427 0.3725
1084 81.51 4.955 0.3725
1524 79.6 7.13 0.3725
1242 85.74 5.395 0.3725
1377 86.08 5.959 0.3725
1416 97.78 5.394 0.3725
1156 81.95 5.252 0.3725
1157 88.48 4.869 0.3725
709.8 101.6 2.603 0.3725
624 124.1 1.873 0.3725
1006 112.3 3.336 0.3725
703.4 116.7 2.246 0.3725
844.5 96.97 3.244 0.3725
1389 153.8 3.364 0.3725
626 119.9 1.944 0.3725
713.7 89.52 2.969 0.3725
1305 120.2 4.043 0.3725
1203 103.5 4.332 0.3725
999.9 159.2 2.34 0.3725
1537 220.9 2.592 0.3725
1292 446.5 1.078 0.3725
406 85.25 1.774 0.3725
1178 103.5 4.239 0.3725
1125 84.55 4.957 0.3725
927.6 82.5 4.188 0.3725
880.8 154.1 2.129 0.3725
794.9 145.9 2.03 0.3725
1020 91.37 4.158 0.3725
1029 96.73 3.962 0.3725
560.2 138.8 1.503 0.3725
969.3 97.07 3.719 0.3725
403.7 93.9 1.602 0.3725
572.9 125.5 1.7 0.3725
483.7 110.5 1.631 0.3725
1117 152.2 2.734 0.3725
392.8 87.26 1.676 0.3725
909 83.66 4.047 0.3725
1028 135.3 2.83 0.3725
993.4 65.7 5.632 0.3725
1148 69.96 6.114 0.3725
550.1 119.2 1.718 0.3725
774.5 64.12 4.499 0.3725
840 62.19 5.031 0.3725
1149 107.8 3.971 0.3725
1184 85.71 5.144 0.3725
997.6 58.85 6.314 0.3725
1108 114.7 3.599 0.3725
1271 333.2 1.421 0.3725
961.4 65.69 5.452 0.3725
911.8 107 3.174 0.3725
1134 62.2 6.79 0.3725
1548 276.8 2.083 0.3725
1177 362.9 1.209 0.3725
577.1 92.78 2.317 0.3725
901.5 56.72 5.92 0.3725
412.8 130 1.183 0.3725
275.9 65.27 1.575 0.3725
711.5 68.86 3.849 0.3725
1505 179.5 3.122 0.3725
377.9 80.88 1.74 0.3725
846.7 57.43 5.492 0.3725
1053 147.8 2.654 0.3725
1084 74.34 5.433 0.3725
794 54.54 5.422 0.3725
1006 103.7 3.611 0.3725
1062 64.27 6.156 0.3725
1115 55.92 7.429 0.3725
1219 99.91 4.544 0.3725
972.6 59.32 6.107 0.3725
879.8 59.12 5.543 0.3725
1082 105 3.84 0.3725
939 56.37 6.204 0.3725
1056 59.38 6.622 0.3725
1009 85.27 4.406 0.3725
1155 89.1 4.828 0.3725
962.2 81.2 4.414 0.3725
656.1 88.06 2.775 0.3725
927.2 62.61 5.516 0.3725
1.632e+04 2999 2.026 0.3725
