AR                407.500 57883.6023678980985   417.11
AR                407.500 57884.2781614964855  2003.81
AR                407.500 57884.4498330248076   726.27
AR                407.500 57884.6228075460181   455.57
AR                407.500 57885.2792272846618  1129.34
AR                407.500 57885.4536521918613   451.52
AR                407.500 57885.6263142659328   488.53
AR                407.500 57886.2720492472559   746.67
AR                407.500 57886.4433975786773   293.88
AR                407.500 57886.6159093923904   569.89
AR                407.500 57887.2693262505492   873.45
AR                407.500 57887.4401798703558   386.51
AR                407.500 57887.6127261739104   473.73
AR                407.500 57888.2663112481367  1516.82
AR                407.500 57888.4376335739817   429.33
AR                407.500 57888.6103649217433   354.67
AR                407.500 57889.2630722189832  1385.51
AR                407.500 57889.4343118586390   573.17
AR                407.500 57889.6068271443932  2027.20
AR                407.500 57890.2605062554081  1975.27
AR                407.500 57890.4322282633469   516.63
AR                407.500 57890.6048786451386   718.93
AR                407.500 57891.2584113367948  1078.25
AR                407.500 57891.4292419777133   485.39
AR                407.500 57891.6020196488321   624.44
AR                407.500 57892.2558532731677   868.26
AR                407.500 57892.4265913630249   468.05
AR                407.500 57892.5994731944172   409.23
AR                407.500 57893.2531100923583  1369.86
AR                407.500 57893.4239290910516   363.99
AR                407.500 57893.5964985731544   572.82
AR                407.500 57894.2502171858278  2157.17
AR                407.500 57894.4211396474425   579.94
AR                407.500 57894.5936745344528   459.20
AR                407.500 57895.2469757658885   631.51
AR                407.500 57895.4183274023145   516.14
AR                407.500 57895.5908618120407   467.60
AR                407.500 57896.2445798542769  1024.45
AR                407.500 57896.4159657722498   463.57
AR                407.500 57896.5886047687924   574.60
AR                407.500 57897.2421838128303   674.00
AR                407.500 57897.4130491692226   588.84
AR                407.500 57897.5855606834136   692.10
AR                407.500 57898.2387030440701  1610.05
AR                407.500 57898.4099388022491  1321.46
AR                407.500 57898.5823894981723  1397.53
AR                407.500 57899.2425129877416  2584.72
AR                407.500 57899.4142879048691  1794.36
AR                407.500 57899.5865717016073  1259.81
AR                407.500 57900.2401926803705  1373.63
AR                407.500 57900.4118102212955   579.87
AR                407.500 57900.5842283578530  1306.11
AR                407.500 57901.2313615662661   712.12
AR                407.500 57901.4021458213112   406.64
AR                407.500 57901.5746457862963   526.80
AR                407.500 57902.2285373443741   935.51
AR                407.500 57902.3993447053015   372.18
AR                407.500 57902.5720416033696   612.94
AR                407.500 57903.2254880253334  1907.31
AR                407.500 57903.3965590309564  2820.30
AR                407.500 57903.5690553263137   639.79
AR                407.500 57904.2228774432925   689.85
AR                407.500 57904.3944949423296   526.50
AR                407.500 57904.5670646835127   592.93
AR                407.500 57905.2199290787331   663.69
AR                407.500 57905.3913700684335   482.15
AR                407.500 57905.5639657396893   791.71
AR                407.500 57906.2172406596760   700.27
AR                407.500 57906.3886151017668   565.66
AR                407.500 57906.5613817189940   830.06
AR                407.500 57907.2153190254397  2968.16
AR                407.500 57907.3861382210887   537.98
AR                407.500 57907.5589985903079  2873.31
AR                407.500 57908.2122551406989   784.51
AR                407.500 57908.3833952953014   541.91
AR                407.500 57908.5561497829675   448.40
AR                407.500 57909.2091183381538   780.99
AR                407.500 57909.3805708060789   456.18
AR                407.500 57909.5532729927166  1651.97
AR                407.500 57910.2063637126852   567.80
AR                407.500 57910.3776888747805   352.79
AR                407.500 57910.5504202489477   602.39
AR                407.500 57911.2034701010469   570.24
AR                407.500 57911.3747605506489   441.85
AR                407.500 57911.5475150529525   691.10
AR                407.500 57912.2012329850166   797.58
AR                407.500 57912.3721677537476   448.46
AR                407.500 57912.5449918019401   643.11
AR                407.500 57913.1976017667487   620.69
AR                407.500 57913.3689615209747   571.37
AR                407.500 57913.5417162452334   604.41
AR                407.500 57914.1953068620311   611.74
AR                407.500 57914.3661144339136   539.90
AR                407.500 57914.5388394797510  1536.42
AR                407.500 57915.1922890899014   784.38
AR                407.500 57915.3637877438562   514.19
AR                407.500 57915.5365610440950  2905.27
AR                407.500 57916.1895924386564   641.41
AR                407.500 57916.3609636069079   473.13
AR                407.500 57916.5335101228266   633.31
AR                407.500 57917.1871008062582   869.84
AR                407.500 57917.3581394550296   682.93
AR                407.500 57917.5307836654080  1910.07
AR                407.500 57918.1843227632965   537.85
AR                407.500 57918.3551070530710   706.31
AR                407.500 57918.5277114521735   473.32
AR                407.500 57919.1820657803350   630.57
AR                407.500 57919.3527342169531   516.03
AR                407.500 57919.5254727864170  2173.88
AR                407.500 57920.1794499207035   767.59
AR                407.500 57920.3501548981929  2036.56
AR                407.500 57920.5226762140757  1004.52
AR                407.500 57921.1763471984490  1107.52
AR                407.500 57927.4633592881380  1266.05
AR                407.500 57928.1626491160279   436.52
AR                407.500 57928.3362485944926  1804.72
AR                407.500 57928.5088409966566   426.51
AR                407.500 57929.1550306400809   394.84
AR                407.500 57929.3263554366479  1565.96
AR                407.500 57929.4989564888840   388.08
AR                407.500 57930.1521600868622   571.34
AR                407.500 57930.3234937359608   484.84
AR                407.500 57930.4961800100733  1528.50
AR                407.500 57931.1496022711738   552.41
AR                407.500 57931.3205420299216   502.84
AR                407.500 57931.4931532688168  2441.59
AR                407.500 57932.1462657870183   746.08
AR                407.500 57932.3175442886408   423.39
AR                407.500 57932.4902526761350  1096.44
AR                407.500 57933.1436267437677   555.72
AR                407.500 57933.3151020670937   497.85
AR                407.500 57933.4876667059719  4436.75
AR                407.500 57934.1408256973992   820.64
AR                407.500 57934.3119423484147   508.64
AR                407.500 57934.4845519193357  2202.29
AR                407.500 57935.1377731581518   681.64
AR                407.500 57935.3074745455695   567.91
AR                407.500 57935.4782614977081   515.70
AR                407.500 57936.1400093657686   439.80
AR                407.500 57936.3124166893902   500.24
AR                407.500 57936.4834119581279   576.89
AR                407.500 57937.1374398750960   628.33
AR                407.500 57937.3095157046559  2487.94
AR                407.500 57937.4804054275759  1912.58
AR                407.500 57938.1347778027927   379.06
AR                407.500 57938.3069648902826   396.15
AR                407.500 57938.4780067865101   961.95
AR                407.500 57939.1283515011463   337.93
AR                407.500 57939.2974049771883   488.57
AR                407.500 57939.4683221793450  2224.74
AR                407.500 57940.1297079531501   429.29
AR                407.500 57940.4999053918806  1910.94
AR                407.500 57941.1266058586244   539.37
AR                407.500 57941.2981332176128  2475.86
AR                407.500 57941.4690203875761  2472.50
AR                407.500 57942.1244994232874   411.91
AR                407.500 57942.2978788989946   452.29
AR                407.500 57942.4704948474777   479.47
AR                407.500 57943.1166810744682   449.63
AR                407.500 57943.2877986473075  1774.15
AR                407.500 57943.4604258382113   569.06
AR                407.500 57944.1139728651193   397.23
AR                407.500 57944.2846032214373   585.32
AR                407.500 57944.4571148114999   761.12
AR                407.500 57945.1105121871062   537.30
AR                407.500 57945.2818486012657   477.53
AR                407.500 57945.4543948273494   668.62
AR                407.500 57946.1084141682078   634.94
AR                407.500 57946.2796791863077  1492.72
AR                407.500 57946.4523581681540   450.35
AR                407.500 57947.1061485987976   466.68
AR                407.500 57947.2769989165007   460.31
AR                407.500 57947.4495799737157   522.64
AR                407.500 57948.1037990229731   375.89
AR                407.500 57948.2744523145130   597.16
AR                407.500 57948.4469568984932  2161.50
AR                407.500 57949.1004770157167   509.37
AR                407.500 57949.2715590281710   343.36
AR                407.500 57949.4440968230984  1336.31
AR                407.500 57950.0971550606365   531.87
AR                407.500 57950.2683874195911   523.47
AR                407.500 57950.4409337764893   441.75
AR                407.500 57951.0946783617961   380.45
AR                407.500 57951.2661538160138   421.31
AR                407.500 57951.4388273333297   637.98
AR                407.500 57952.0924789913755   350.55
AR                407.500 57952.2636535254545   522.49
AR                407.500 57952.4364313634416   565.69
AR                407.500 57953.0896088238855   432.02
AR                407.500 57953.2607715269497   394.85
AR                407.500 57953.4332831361914   633.93
AR                407.500 57954.0875485629808   471.18
AR                407.500 57954.2581905451263   559.48
AR                407.500 57954.4307546043172  1666.84
AR                407.500 57955.0847013440371   557.51
AR                407.500 57955.2558524634478   348.15
AR                407.500 57955.4284475945087  4318.11
AR                407.500 57956.0815874326049   422.01
AR                407.500 57956.2524495164141   958.41
AR                407.500 57956.4250207429057  1942.52
AR                407.500 57957.0783468194743   533.68
AR                407.500 57957.2493013185902   531.03
AR                407.500 57957.4218879678019  1914.15
AR                407.500 57958.0752215986410   453.47
AR                407.500 57958.2465121796997   448.94
AR                407.500 57958.4190346997247  1943.66
AR                407.500 57959.0729270232291   461.03
AR                407.500 57959.2443485397383  2572.28
AR                407.500 57959.4169748155409   929.93
AR                407.500 57960.0704414768016   446.21
AR                407.500 57960.2416044904408   456.87
AR                407.500 57960.4141422480647  1457.02
AR                407.500 57961.0679994986503   469.52
AR                407.500 57961.2391414633851  1436.85
AR                407.500 57961.4116441917763  2656.20
AR                407.500 57962.0654994248080   377.94
AR                407.500 57962.2364712480953  2342.50
AR                407.500 57962.4090376005735  5336.21
AR                407.500 57963.0629183049224   825.00
AR                407.500 57963.2336568728877  1659.73
AR                407.500 57963.4061875136102  1042.99
AR                407.500 57964.0597817320140   780.71
AR                407.500 57964.2304157175761  2391.95
AR                407.500 57964.4029700113641   991.22
AR                407.500 57965.0567146071319   655.61
AR                407.500 57965.2279814157454   671.95
AR                407.500 57965.4005624348398   885.16
AR                407.500 57966.0544112260567   482.57
AR                407.500 57966.2254165293524  2576.46
AR                407.500 57966.3979534067354  2307.24
AR                407.500 57967.0515638853777   430.44
AR                407.500 57967.2225183903276   360.01
AR                407.500 57967.3950532103487   401.93
AR                407.500 57968.0486125854944   503.93
AR                407.500 57968.2197176874571   321.15
AR                407.500 57968.3922406966885   451.35
AR                407.500 57969.0462397977074   503.81
AR                407.500 57969.2172056902649   687.20
AR                407.500 57969.3898215892807   487.19
AR                407.500 57970.0434967268400   534.73
AR                407.500 57970.2148446663862   355.51
AR                407.500 57970.3875298080020   419.41
AR                407.500 57971.0414480347977   697.69
AR                407.500 57971.2123098756898   387.28
AR                407.500 57971.3850876966888   329.75
AR                407.500 57972.0382883772157   497.68
AR                407.500 57972.2092890445688   492.97
AR                407.500 57972.3819162851889   355.98
AR                407.500 57973.0350125448628   443.86
AR                407.500 57973.2063608659463   319.47
AR                407.500 57973.3790231969577   429.09
AR                407.500 57974.0325821776732   354.15
AR                407.500 57974.2036754963853   342.02
AR                407.500 57974.3763607762323   537.00
AR                407.500 57975.0303252006279   410.49
AR                407.500 57975.2012913030268   322.89
AR                407.500 57975.3739071429691   370.67
AR                407.500 57976.0276284472576   427.10
AR                407.500 57976.1988953245740   391.38
AR                407.500 57976.3715227198480   502.35
AR                407.500 57977.0248620541144   346.77
AR                407.500 57977.1956082969362   432.69
AR                407.500 57977.3680620129467   396.56
AR                407.500 57978.0220925837615   455.07
AR                407.500 57980.0224352330703   595.39
AR                407.500 57980.1954118512343   323.60
AR                407.500 57980.3678764785806   369.07
AR                407.500 57981.0141327395915   453.71
AR                407.500 57981.1853533558229   415.50
AR                407.500 57981.3579344910823   474.90
AR                407.500 57982.0108338770367   398.35
AR                407.500 57982.1815107577425   435.13
AR                407.500 57982.3538604087716   393.12
AR                407.500 57983.0078448061633   463.87
AR                407.500 57983.1789530783787   364.98
AR                407.500 57983.3513141350029   503.06
AR                407.500 57984.0053909626274   461.69
AR                407.500 57984.1763487789559   411.15
AR                407.500 57984.3488950926008   518.83
AR                407.500 57985.0028215842714   370.15
AR                407.500 57985.1738256081828   304.20
AR                407.500 57985.3463372557433   287.12
AR                407.500 57986.0003216439794   339.79
AR                407.500 57986.1710479022174   365.02
AR                407.500 57986.3435942324851   526.60
AR                407.500 57986.9969449990329   523.99
AR                407.500 57987.1681426803510   445.01
AR                407.500 57987.3406427125070   306.51
AR                407.500 57987.9980820005984   350.38
AR                407.500 57988.1719390667789   429.55
AR                407.500 57988.3443348880835   377.62
AR                407.500 57988.9910160256992   377.98
AR                407.500 57989.1625755801109   334.40
AR                407.500 57989.3350062386986   368.75
AR                407.500 57989.9890946471834   381.64
AR                407.500 57990.1601566364582   327.58
AR                407.500 57990.3326569329750   438.82
AR                407.500 57990.9854982456491   375.62
AR                407.500 57991.1567537526312   361.78
AR                407.500 57991.3293002695734   556.31
AR                407.500 57991.9827667494923   355.88
AR                407.500 57992.1540108308330   378.81
AR                407.500 57992.3265339543924   420.93
AR                407.500 57992.9801394535893   404.99
AR                407.500 57993.1511751136165   268.72
AR                407.500 57993.3236751545119   443.89
AR                407.500 57993.9773933143840   388.83
AR                407.500 57994.1488139938578   416.72
AR                407.500 57994.3215918926513   562.83
AR                407.500 57994.9754488527042   791.73
AR                407.500 57995.1463834536181   524.80
AR                407.500 57995.3190107129423   689.14
AR                407.500 57995.9721997360546   531.83
AR                407.500 57996.1435362197700   744.54
AR                407.500 57996.3162106763068  1065.25
AR                407.500 57996.9702522492386   422.90
AR                407.500 57997.1412909719202   311.13
AR                407.500 57997.3139066047906   602.59
AR                407.500 57997.9680878447420   475.58
AR                407.500 57998.1387445798903   385.13
AR                407.500 57998.3114762063737   495.74
AR                407.500 57998.9649081395502   411.49
AR                407.500 57999.1361404427488   471.13
AR                407.500 57999.3089068161509   598.53
AR                407.500 57999.9615516501990   437.72
AR                407.500 58000.1329228459018   301.46
AR                407.500 58000.3054229033496   773.20
AR                407.500 58000.9585307128675   480.25
AR                407.500 58001.1297283430058   438.27
AR                407.500 58001.3022862505983   435.72
AR                407.500 58001.9563634270703   436.41
AR                407.500 58002.1275293893310   429.84
AR                407.500 58002.3002724905788   353.07
AR                407.500 58002.9539095942600   412.31
AR                407.500 58003.1247746735923   384.89
AR                407.500 58003.2974252246908   557.45
AR                407.500 58003.9502902017601   387.44
AR                407.500 58004.1215224243966   596.89
AR                407.500 58004.2941497609575   509.01
AR                407.500 58004.9479026759968   586.90
AR                407.500 58005.1188836554780   429.98
AR                407.500 58005.2915110444966   849.13
AR                407.500 58005.9457268226155   487.80
AR                407.500 58006.1165456991692   364.10
AR                407.500 58006.2891846884288   492.81
AR                407.500 58006.9421535215981   441.20
AR                407.500 58007.1135480362074   338.92
AR                407.500 58007.2860597011224   480.09
AR                407.500 58007.9402177446800   326.37
AR                407.500 58008.1110943210959   347.50
AR                407.500 58008.2835248465222   310.78
AR                407.500 58008.9375324941192   374.97
AR                407.500 58009.1086638865681   306.71
AR                407.500 58009.2813258318662   392.54
AR                407.500 58009.9350441828241   349.32
AR                407.500 58010.1059554253069   303.25
AR                407.500 58010.2787101947455   603.17
AR                407.500 58010.9327292698722   316.38
AR                407.500 58011.1035365752025   296.29
AR                407.500 58011.2762798044098   360.64
AR                407.500 58011.9295379246956   390.89
AR                407.500 58012.1008283125630   292.15
AR                407.500 58012.2735135686282   445.62
AR                407.500 58012.9267025342557   352.56
AR                407.500 58013.0980274902421   347.82
AR                407.500 58013.2707241989896   385.94
AR                407.500 58013.9240866428853   342.23
AR                407.500 58014.0950065104762   378.67
AR                407.500 58014.2676454918727   653.72
AR                407.500 58014.9210890318761   309.98
AR                407.500 58015.0923561373952   327.02
AR                407.500 58015.2649140933331   457.08
AR                407.500 58015.9181839178305   284.34
AR                407.500 58016.0895667738948   338.06
AR                407.500 58016.2621016020591   449.35
AR                407.500 58016.9152114588864  1274.79
AR                407.500 58017.0864764542087   306.78
AR                407.500 58023.9765926869773   259.30
AR                407.500 58024.1493238131512   330.55
AR                407.500 58024.3217551565474   326.49
AR                407.500 58024.8993239950428   324.49
AR                407.500 58025.0718008867725   262.45
AR                407.500 58025.2443126426165   419.28
AR                407.500 58025.8913790047946   360.83
AR                407.500 58026.0624028189689   405.50
AR                407.500 58026.2349145632562   476.32
AR                407.500 58026.8886243226181   378.73
AR                407.500 58027.0597180101907   367.09
AR                407.500 58027.2324956773604   402.92
AR                407.500 58027.8856382189439   352.65
AR                407.500 58028.0566738323754   366.72
AR                407.500 58028.2292665135850   409.51
AR                407.500 58028.8834046725478   374.44
AR                407.500 58029.0541624004322   442.42
AR                407.500 58029.2268131227179   567.48
AR                407.500 58029.8805577346153   273.14
AR                407.500 58030.0519171817280   320.31
AR                407.500 58030.2244866561235   369.32
AR                407.500 58030.8780346752710   270.19
AR                407.500 58031.0487921879800   317.61
AR                407.500 58031.2214774503205   409.57
AR                407.500 58031.8754998509599   409.08
AR                407.500 58032.0465816825289   301.92
AR                407.500 58032.2192320491586   378.82
AR                407.500 58032.8728728242255   564.87
AR                407.500 58033.0435377728635   374.22
AR                407.500 58033.2159799794169   425.30
AR                407.500 58033.8699100585063   285.42
AR                407.500 58034.0406444721914   234.31
AR                407.500 58034.2133063679886   318.25
AR                407.500 58034.8668658278404   337.52
AR                407.500 58035.0376350175289   276.51
AR                407.500 58035.2101814250606   330.44
AR                407.500 58035.8639377535302   315.82
AR                407.500 58036.0348112198400   293.29
AR                407.500 58036.2072880378816   362.37
AR                407.500 58036.8611830604877   393.26
AR                407.500 58037.0320798346434   287.00
AR                407.500 58037.2044986198838   349.00
AR                407.500 58037.8584865014011   333.05
AR                407.500 58038.0293599188084   301.12
AR                407.500 58038.2019526580377   291.00
AR                407.500 58038.8552108153871   394.20
AR                407.500 58039.0264781000126   251.16
AR                407.500 58039.1989783167100   399.84
AR                407.500 58039.8529658511271   259.89
AR                407.500 58040.0237121298116   230.79
AR                407.500 58040.1962120653307   337.76
AR                407.500 58040.8496441008513   289.35
AR                407.500 58041.0208069164502   299.27
AR                407.500 58041.1934862025452  2464.73
AR                407.500 58041.8470979206822   422.88
AR                407.500 58042.0184112124912   349.87
AR                407.500 58042.1909576083038   394.56
AR                407.500 58042.8468490820799   356.98
AR                407.500 58043.0214554256531   360.48
AR                407.500 58043.1940711590269   408.74
AR                407.500 58043.8412421379707   287.10
AR                407.500 58044.0126243212024   273.89
AR                407.500 58044.1851825806724   284.50
AR                407.500 58044.8383365666133   458.16
AR                407.500 58045.0095690152842   265.49
AR                407.500 58045.1821269450853   314.43
AR                407.500 58045.8354663331957   292.18
AR                407.500 58046.0065945155103   236.20
AR                407.500 58046.1791524534087   319.72
AR                407.500 58046.8324255388632   411.81
AR                407.500 58047.0037821878033   278.24
AR                407.500 58047.1763979668146   320.71
AR                407.500 58047.8294049150460   366.69
AR                407.500 58048.0007846674490   218.46
AR                407.500 58048.1734003672253   325.55
AR                407.500 58048.8268355186436   480.34
AR                407.500 58048.9979606713132   380.25
AR                407.500 58049.1707384609326   365.40
AR                407.500 58049.8237571301132   373.95
AR                407.500 58049.9948589054282   329.63
AR                407.500 58050.1675327405299   387.43
AR                407.500 58050.8215434778528   371.73
AR                407.500 58050.9923590085046   298.53
AR                407.500 58051.1650328791319   295.89
AR                407.500 58051.8189162683591   441.57
AR                407.500 58051.9899633162998   752.88
AR                407.500 58052.1625907458246   371.59
AR                407.500 58052.8162081329865   369.98
AR                407.500 58052.9871739603090   341.22
AR                407.500 58053.1600444906191   366.16
AR                407.500 58053.8133060503186   336.43
AR                407.500 58053.9843501244856   396.34
AR                407.500 58054.1569197359853   357.78
AR                407.500 58054.8103432451628   412.83
AR                407.500 58054.9813409286489   503.48
AR                407.500 58055.1538641113054   404.88
AR                407.500 58055.8077129876400   573.89
AR                407.500 58055.9789568908886   351.82
AR                407.500 58056.1513990296091   347.76
AR                407.500 58056.8045562076528   375.85
AR                407.500 58056.9758436055387   373.88
AR                407.500 58057.1484016240995   354.57
AR                407.500 58057.8015126650044   373.38
AR                407.500 58057.9728343993247   394.40
AR                407.500 58058.1453342611575   348.94
AR                407.500 58058.7985844704940   406.58
AR                407.500 58058.9698021126348   500.01
AR                407.500 58059.1423600264233   407.31
AR                407.500 58059.7957027048664   358.25
AR                407.500 58059.9668657186797   491.69
AR                407.500 58060.1395856668682   442.68
AR                407.500 58060.8003408086965   464.47
AR                407.500 58060.9714838767170   489.15
AR                407.500 58062.7943424632972   480.41
AR                407.500 58062.9666337764721   399.24
AR                407.500 58063.1390414970421   430.66
AR                407.500 58063.7851817014538   413.08
AR                407.500 58063.9561249990241   364.94
AR                407.500 58064.1285669872819   456.59
AR                407.500 58064.7891951678725   518.68
AR                407.500 58064.9607376354333  2336.14
AR                407.500 58065.1331274363146   626.74
AR                407.500 58065.7793716954897   819.58
AR                407.500 58065.9503723493999  1203.64
AR                407.500 58066.1228509515093  1184.42
AR                407.500 58066.7842876600396   405.75
AR                407.500 58066.9558359867662   450.26
AR                407.500 58067.1284632344454   513.62
AR                407.500 58067.7752254066771   583.72
AR                407.500 58067.9462409975985   619.99
AR                407.500 58068.1187180954033   844.11
AR                407.500 58068.7719647660249   367.97
AR                407.500 58068.9431856619368   493.91
AR                407.500 58069.1156857059972   471.92
AR                407.500 58069.7688346284468  1514.00
AR                407.500 58069.9402609958271  1031.23
AR                407.500 58070.1127344260400  1096.85
AR                407.500 58070.7661083539980   542.66
AR                407.500 58070.9370863667039   480.24
AR                407.500 58071.1095533817391  1231.56
AR                407.500 58071.7701679702391   462.39
AR                407.500 58071.9417275822968   590.97
AR                407.500 58072.1143781748985   593.94
AR                407.500 58072.7642101011695   493.79
AR                407.500 58072.9383078034792  1428.39
AR                407.500 58073.1107809508219  2630.51
AR                407.500 58073.7647284602273   471.90
AR                407.500 58073.9359914759102  2684.47
AR                407.500 58074.1084756496319   546.14
AR                407.500 58074.7617119837158  1297.02
AR                407.500 58074.9329716715015  1378.81
AR                407.500 58075.1054454162098  2304.61
AR                407.500 58075.7592093814972  1085.12
AR                407.500 58075.9309296338498   690.82
AR                407.500 58076.1034068904479  1003.46
AR                407.500 58076.7494077511481  1944.61
AR                407.500 58076.9204320327226   981.36
AR                407.500 58077.0928397294121  1707.82
AR                407.500 58077.7533331826984  1952.58
AR                407.500 58077.9245409160649   619.71
AR                407.500 58078.0969780711895  1768.70
AR                407.500 58078.7498751323834  1907.96
AR                407.500 58078.9213002758196   674.11
AR                407.500 58079.0939739896893  1262.32
AR                407.500 58079.7475249076507  1206.50
AR                407.500 58079.9185696346220  1457.27
AR                407.500 58080.0910820326031  1284.81
AR                407.500 58080.7443186760511  3893.82
AR                407.500 58080.9160960606472  1614.12
AR                407.500 58081.0886501853760   625.14
AR                407.500 58081.7420595699447  1664.89
AR                407.500 58081.9129672657568   544.26
AR                407.500 58082.0854783394171  1341.10
AR                407.500 58082.7387719264168  2432.67
AR                407.500 58082.9102127777893   854.19
AR                407.500 58083.0827619781622  1215.58
AR                407.500 58083.7368519959999  1839.26
AR                407.500 58083.9076031238430  1148.46
AR                407.500 58084.0802284039738  1727.10
AR                407.500 58084.7339779329879   876.16
AR                407.500 58084.9049975242137  1138.24
AR                407.500 58085.0774722454420  1463.76
AR                407.500 58085.7314195609290   830.89
AR                407.500 58085.9024124350098   866.35
AR                407.500 58086.0748842479152  2666.43
AR                407.500 58086.7288895887171  1141.72
AR                407.500 58086.8996925300706   910.59
AR                407.500 58087.0722158213028   628.22
AR                407.500 58087.7262339085419  1156.75
AR                407.500 58087.8973546990402   551.49
AR                407.500 58088.0699357181224   741.10
AR                407.500 58088.7237462484876  1806.37
AR                407.500 58088.8945762879290  1606.78
AR                407.500 58089.0671385029698  1406.73
AR                407.500 58089.7206511968370  1075.40
AR                407.500 58089.8915910077564   885.87
AR                407.500 58090.0641386481891  1606.38
AR                407.500 58090.7177860136842  1039.36
AR                407.500 58090.8894077575809  1163.48
AR                407.500 58091.0619963966565   874.40
AR                407.500 58091.7155755065311  1227.83
AR                407.500 58091.8865449203727   882.60
AR                407.500 58092.0590450144013   975.76
AR                407.500 58092.7128470958406  1620.82
AR                407.500 58092.8841614261286  2179.89
AR                407.500 58093.0567194946465  1877.74
AR                407.500 58093.7036426649918   887.93
AR                407.500 58093.8745266497022  1475.55
AR                407.500 58094.0471248245249  1792.05
AR                407.500 58094.7012928766912  1364.41
AR                407.500 58094.8722976910704   768.70
AR                407.500 58095.0447861829568   627.75
AR                407.500 58095.6986083056764  1723.01
AR                407.500 58095.8699598277859   550.72
AR                407.500 58096.0424599847254   677.76
AR                407.500 58096.6956022993460   946.76
AR                407.500 58096.8670203906560   581.99
AR                407.500 58097.0395201576844   691.39
AR                407.500 58097.6935302183067  1175.19
AR                407.500 58097.8651062748328  1375.60
AR                407.500 58098.0378077687995  2160.28
AR                407.500 58098.6923394150372  1716.18
AR                407.500 58098.8634576082328  2436.62
AR                407.500 58099.0359385284190  1536.55
AR                407.500 58099.6901745196525  1023.09
AR                407.500 58099.8611930433873  2945.03
AR                407.500 58102.9655970507105  2161.49
AR                407.500 58103.6848166822263  1868.83
AR                407.500 58103.8569281871296   623.42
AR                407.500 58104.0293817642674   612.58
AR                407.500 58104.6784647403287   868.65
AR                407.500 58104.8530396540848   563.57
AR                407.500 58105.0256784046673   616.94
AR                407.500 58105.6714134240651  1095.65
AR                407.500 58105.8425560654104  2444.05
AR                407.500 58106.0151017870619  1977.97
AR                407.500 58106.6679296051900   479.32
AR                407.500 58106.8393938015873   556.46
AR                407.500 58107.0119635117669  1246.86
AR                407.500 58107.6651923878263   967.15
AR                407.500 58107.8359795627526   681.56
AR                407.500 58108.0085268223864  1125.13
AR                407.500 58108.6689369943974  1111.11
AR                407.500 58108.8403431669512  1315.49
AR                407.500 58109.0128317327650   566.66
AR                407.500 58109.6659856040217  1099.51
AR                407.500 58109.8369057218571   627.69
AR                407.500 58110.0093516667557  1262.23
AR                407.500 58110.6626051895959  1572.54
AR                407.500 58110.8335149800390   671.74
AR                407.500 58111.0061072764265   839.01
AR                407.500 58111.6633731293193  1525.55
AR                407.500 58111.8373458716020   815.49
AR                407.500 58112.0098228513952   709.36
AR                407.500 58112.6570279053567   651.04
AR                407.500 58112.8281863093021   954.76
AR                407.500 58113.0006677616840   604.50
AR                407.500 58113.6536944226279   876.23
AR                407.500 58113.8248344658414   751.44
AR                407.500 58113.9972997780376   691.51
AR                407.500 58114.6511664961429  1380.09
AR                407.500 58114.8225775897329   551.09
AR                407.500 58114.9951239164594  1093.06
AR                407.500 58115.6521391359632  1471.92
AR                407.500 58115.8260847737919  1095.52
AR                407.500 58115.9986195308387   621.22
AR                407.500 58116.6453153453271   884.58
AR                407.500 58116.8169066298217   740.44
AR                407.500 58116.9895918165382   927.17
AR                407.500 58117.6422943729415  2095.43
AR                407.500 58117.8136774991105  1317.21
AR                407.500 58117.9863093374385  1821.58
AR                407.500 58118.6425683356512  1428.49
AR                407.500 58125.7642714952017  1105.00
AR                407.500 58127.6145900092633  1149.03
AR                407.500 58127.7855788526505  1672.23
AR                407.500 58127.9580231198612  1527.62
AR                407.500 58128.6111409926063   548.38
AR                407.500 58128.7823705640040   610.98
AR                407.500 58128.9548931151083  1591.34
AR                407.500 58129.6084299984012   728.93
AR                407.500 58129.7791929111969  1092.43
AR                407.500 58129.9516300070789   752.99
AR                407.500 58130.6053859197447  1189.66
AR                407.500 58130.7761323836565   783.74
AR                407.500 58130.9487713428958   651.20
AR                407.500 58131.6018937012271   699.82
AR                407.500 58131.7729496323381   512.09
AR                407.500 58131.9455070036923  2883.13
AR                407.500 58132.6018503102575   578.28
AR                407.500 58132.7765607510989   571.88
AR                407.500 58132.9490955769232   602.12
AR                407.500 58133.5962312767199  1427.10
AR                407.500 58133.7671708448586  1435.72
AR                407.500 58133.9396082552464   449.13
AR                407.500 58134.5935807068426   619.00
AR                407.500 58134.7647008390317   490.99
AR                407.500 58134.9372125441994  1049.80
AR                407.500 58135.5912198075598   529.58
AR                407.500 58135.7625404036766  1506.54
AR                407.500 58135.9350597044038   487.20
AR                407.500 58136.5883640217497   728.93
AR                407.500 58136.7592881196170  1565.50
AR                407.500 58136.9318538783252   514.59
AR                407.500 58137.5851871295967  1728.63
AR                407.500 58137.7566337997778   424.29
AR                407.500 58137.9292728771379   606.59
AR                407.500 58138.5820101871822   940.11
AR                407.500 58138.7534858648092   875.09
AR                407.500 58138.9260369947628  1284.61
AR                407.500 58139.5796606347988  1061.08
AR                407.500 58139.7511377515948  2186.20
AR                407.500 58139.9237345919058  1785.56
AR                407.500 58140.5759741299587   492.14
AR                407.500 58140.7481271015028   769.20
AR                407.500 58140.9207199681947  1309.56
AR                407.500 58141.5744519434111  2012.77
AR                407.500 58141.7455230784678   703.56
AR                407.500 58141.9181852130623   681.95
AR                407.500 58142.5748370885084   519.69
AR                407.500 58142.7490892424789  1615.78
AR                407.500 58142.9216807517129   483.19
AR                407.500 58143.5693886635968   522.59
AR                407.500 58143.7412550742676  1742.92
AR                407.500 58143.9139491341419   453.52
AR                407.500 58144.5710614188314  1143.07
AR                407.500 58144.7452453528895   796.55
AR                407.500 58144.9177834049568  1937.50
AR                407.500 58145.5636772944139   545.68
AR                407.500 58145.7350719177190   636.59
AR                407.500 58145.9077688134204   584.79
AR                407.500 58146.5618685858084   554.79
AR                407.500 58146.7328450531550  1057.28
AR                407.500 58146.9054539550152   452.44
AR                407.500 58147.5589317916009   683.62
AR                407.500 58147.7304424500318   464.69
AR                407.500 58147.9029772524403   440.44
AR                407.500 58148.5566604164888   596.16
AR                407.500 58148.7283522616014  1678.57
AR                407.500 58148.9009286872678   348.96
AR                407.500 58149.5541750735840  1031.35
AR                407.500 58149.7253287229492  2725.39
AR                407.500 58149.8978617384113   348.66
AR                407.500 58150.5519961252625   800.96
AR                407.500 58150.7230763057487  2127.53
AR                407.500 58150.8956161933276   438.47
AR                407.500 58151.5496234837904  1244.81
AR                407.500 58151.7206855944494   716.24
AR                407.500 58151.8932551469300   375.91
AR                407.500 58152.5464783519706  1513.67
AR                407.500 58152.7177574352421   528.35
AR                407.500 58152.8903849601020   460.24
AR                407.500 58153.5438743907614   811.03
AR                407.500 58153.7148556938532  3757.23
AR                407.500 58153.8874451328955   428.10
AR                407.500 58154.5438425610211   784.90
AR                407.500 58154.7186163300255  2105.78
AR                407.500 58154.8911372807443   456.76
AR                407.500 58155.5374507353213  1051.93
AR                407.500 58155.7089611669864   873.19
AR                407.500 58155.8814845126832   454.06
AR                407.500 58156.5375462637633   627.76
AR                407.500 58156.7120578038257  1965.75
AR                407.500 58156.8846905643433   413.20
AR                407.500 58157.5306105484861   933.72
AR                407.500 58157.7019391688161  1820.63
AR                407.500 58157.8746790405536   429.16
AR                407.500 58158.5285358945931  1007.48
AR                407.500 58158.6994359243549   882.79
AR                407.500 58158.8721905996902   442.54
AR                407.500 58159.5254717421639  2092.60
AR                407.500 58159.6970285749495   952.65
AR                407.500 58159.8697715705767   454.68
AR                407.500 58160.5228559966958   600.84
AR                407.500 58160.6943448424215  2058.76
AR                407.500 58160.8669940135199   326.89
AR                407.500 58161.5210129122517  1065.36
AR                407.500 58161.6924105391616   452.46
AR                407.500 58161.8650842816667   404.20
AR                407.500 58162.5188370568103   727.04
AR                407.500 58162.6899636587144  1856.04
AR                407.500 58162.8628986500228   434.15
AR                407.500 58163.5166378862434  1246.60
AR                407.500 58163.6876883876950   535.42
AR                407.500 58163.8602925798568   461.33
AR                407.500 58164.5141147126547   530.09
AR                407.500 58164.6857863336129  1528.19
AR                407.500 58168.5756175413085  2080.44
AR                407.500 58168.7485450517374   952.43
AR                407.500 58168.9210565445685   451.74
AR                407.500 58169.4989004135817  1468.72
AR                407.500 58169.6723190870056  1056.34
AR                407.500 58169.8448989806563   507.09
AR                407.500 58170.4985735074738  1147.73
AR                407.500 58170.6694549748942  3470.04
AR                407.500 58170.8420981181331   596.77
AR                407.500 58171.4957928080795   948.22
AR                407.500 58171.6674564298254  2372.93
AR                407.500 58171.8400958267945   824.29
AR                407.500 58172.4937512766805  1416.65
AR                407.500 58172.6648180125044  1720.24
AR                407.500 58172.8374453225592   695.21
AR                407.500 58173.4894516811591  1661.94
AR                407.500 58173.7750496730490  1069.08
AR                407.500 58174.4863659492275   737.36
AR                407.500 58174.7719540658673  1760.90
AR                407.500 58175.4829429768831  1838.69
AR                407.500 58175.7844939923474   956.31
AR                407.500 58176.4815714714117  1743.85
AR                407.500 58176.7833619832508  2502.38
AR                407.500 58177.4806166014036  1770.68
AR                407.500 58177.7806002701076  3437.61
AR                407.500 58178.4731638492221  1905.49
AR                407.500 58178.7721562875759  1426.99
AR                407.500 58179.4755244476522  1376.45
AR                407.500 58179.6479930046390  2935.18
AR                407.500 58179.8204790068847  1570.28
AR                407.500 58180.4673691345918  1116.46
AR                407.500 58180.6381806216627  4179.38
AR                407.500 58180.8106975800655   619.58
AR                407.500 58181.4649247405355  1512.39
AR                407.500 58181.6360015338932  2316.64
AR                407.500 58181.8086064352088  2082.85
AR                407.500 58182.4619764093582   855.27
AR                407.500 58182.6329006772973  1978.72
AR                407.500 58182.8055291384340  1808.60
AR                407.500 58183.5279312511064   475.19
AR                407.500 58183.7012807484647  1148.96
AR                407.500 58183.8738919893209   378.03
AR                407.500 58184.4562538534610  1487.87
AR                407.500 58184.6273988004284  1095.66
AR                407.500 58184.7999684112743   852.11
AR                407.500 58185.4561112975288  1781.14
AR                407.500 58185.6305006769068   923.05
AR                407.500 58185.8031070112805  1384.94
AR                407.500 58186.4501678591761  2288.96
AR                407.500 58186.6210909970339   709.01
AR                407.500 58186.7937414781836   589.29
AR                407.500 58187.4514321111442   558.64
AR                407.500 58187.6255955909513  1445.85
AR                407.500 58187.7981660151278  2148.69
AR                407.500 58188.4479514721976  1162.25
AR                407.500 58188.6225634121567  2309.05
AR                407.500 58188.7951533877196   684.98
AR                407.500 58189.4416762773556  1394.44
AR                407.500 58189.6125732515709  2236.09
AR                407.500 58189.7851071582668   523.78
AR                407.500 58190.4388996032585  1498.31
AR                407.500 58190.6098338870554  1453.26
AR                407.500 58190.7824103080341   504.68
AR                407.500 58191.4366143662336   699.14
AR                407.500 58191.6075626442812  3183.09
AR                407.500 58191.7801071286992   601.64
AR                407.500 58192.4341447879781  1289.78
AR                407.500 58192.6054772640150   672.60
AR                407.500 58192.7781856944908   450.57
AR                407.500 58193.4352398976054  1615.83
AR                407.500 58193.6094239735680   630.22
AR                407.500 58193.7820399167407   309.45
AR                407.500 58194.4351181196476   836.23
AR                407.500 58194.6054360941330  2359.20
AR                407.500 58194.7762412733103   422.60
AR                407.500 58195.4306709528043  1001.42
AR                407.500 58195.6021092352628   769.53
AR                407.500 58195.7729239024062  2131.65
AR                407.500 58196.4276987797537  1534.03
AR                407.500 58196.6109199813180  2378.61
AR                407.500 58196.7836986324148  3465.77
AR                407.500 58197.4252486417356  1252.28
AR                407.500 58197.5998635305154   857.64
AR                407.500 58197.7725835722352   771.36
AR                407.500 58198.4187419604021  1401.81
AR                407.500 58198.5901415527424  1118.04
AR                407.500 58198.7627456714721  1228.58
AR                407.500 58199.4160613328555  1846.71
AR                407.500 58199.5872479558747   590.79
AR                407.500 58199.7598794948783  1259.16
AR                407.500 58200.4127279875910  1684.84
AR                407.500 58200.5843195875254   661.83
AR                407.500 58200.7569700260243   453.66
AR                407.500 58201.4102047867076  1302.86
AR                407.500 58201.5816495235050  2775.94
AR                407.500 58201.7542739027051  2075.32
AR                407.500 58202.4083406952411  1665.31
AR                407.500 58202.5793078767667   613.15
AR                407.500 58202.7519236124029   698.79
AR                407.500 58203.4057688256811  1719.98
AR                407.500 58203.5768194405575   667.32
AR                407.500 58203.7494119958309   636.09
AR                407.500 58204.4034077817206  1075.05
AR                407.500 58204.5746781567871  1312.32
AR                407.500 58204.7473171667673   616.07
AR                407.500 58205.4005402543407  1973.68
AR                407.500 58205.5718656386992   518.78
AR                407.500 58205.7445525129912  3389.08
AR                407.500 58206.3980996384341  1610.83
AR                407.500 58206.5692683547963  1882.42
AR                407.500 58206.7418770792021   567.77
AR                407.500 58207.3958614497249   892.20
AR                407.500 58207.5667959945064   532.19
AR                407.500 58221.4470127627234   298.82
AR                407.500 58221.6200965571785  3071.68
AR                407.500 58221.7926017934195   213.38
AR                407.500 58222.3543985872940   636.27
AR                407.500 58222.5259232597677   722.38
AR                407.500 58222.6984646976113  2551.15
AR                407.500 58223.3522023817744   897.16
AR                407.500 58223.5235390325125   462.43
AR                407.500 58223.6960621740526   605.07
AR                407.500 58224.3495865986890   695.01
AR                407.500 58224.5209883861782  2152.03
AR                407.500 58224.6935274069451   599.05
AR                407.500 58225.3466381358658  1130.95
AR                407.500 58225.5181105841758   595.67
AR                407.500 58225.6908150268243  2186.71
AR                407.500 58226.3446907608440   708.22
AR                407.500 58226.5162863776113  2243.74
AR                407.500 58226.6888102393814  1364.75
AR                407.500 58227.3422481569865  1676.01
AR                407.500 58227.5137006636481   735.21
AR                407.500 58227.6861894567327  2335.36
AR                407.500 58228.3398294018968   903.47
AR                407.500 58228.5111775637933   902.90
AR                407.500 58228.6839110201826  2656.47
AR                407.500 58229.3375840398848   962.54
AR                407.500 58229.5088771211522  2318.63
AR                407.500 58229.6817445240669   720.46
AR                407.500 58230.3353151657068   670.15
AR                407.500 58230.5065128766685   532.95
AR                407.500 58230.6791980439090   811.10
AR                407.500 58231.3330235065543   520.64
AR                407.500 58231.5039721111144  1784.32
AR                407.500 58231.6765388472226  1658.48
AR                407.500 58232.3298286344428  1042.97
AR                407.500 58232.5012264910410  2368.99
AR                407.500 58232.6738330206272  2908.67
AR                407.500 58233.3275257305652  1334.98
AR                407.500 58233.4986191947325   705.99
AR                407.500 58233.6711421589994   738.38
AR                407.500 58234.3248289555704   299.99
AR                407.500 58234.4964776704538   719.79
AR                407.500 58234.6689656540159  2455.58
AR                407.500 58235.3227344564849  2921.89
AR                407.500 58235.4941668515450  1660.99
AR                407.500 58235.6667093486193   652.94
AR                407.500 58236.3132891642274   804.66
AR                407.500 58236.4846952556837   609.58
AR                407.500 58236.6572767429245  2329.96
AR                407.500 58237.3109975067995  1010.61
AR                407.500 58237.4822101151176  2072.22
AR                407.500 58237.6549845025054   546.04
AR                407.500 58238.3086508513783  1440.94
AR                407.500 58238.4798131983421  2930.64
AR                407.500 58238.6525305916765   819.67
AR                407.500 58239.3062171156186  1346.21
AR                407.500 58239.4772064671456   763.06
AR                407.500 58239.6498703220713  1605.82
AR                407.500 58240.3034740315658  1372.37
AR                407.500 58240.4743832806537  1972.76
AR                407.500 58240.6469517525566   631.66
AR                407.500 58241.3000708124118  1123.91
AR                407.500 58241.4714075922878   727.88
AR                407.500 58241.6439771467061  1030.11
AR                407.500 58242.2970266580763   694.70
AR                407.500 58242.4683175628918  1848.50
AR                407.500 58242.6408443353244  2758.21
AR                407.500 58243.2937858794491   853.33
AR                407.500 58243.4652962857150   980.43
AR                407.500 58243.6378429140761   687.48
AR                407.500 58244.2915637181377  1216.32
AR                407.500 58244.4625068820479   453.83
AR                407.500 58244.6353309798562   512.10
AR                407.500 58245.2892604571969  1003.09
AR                407.500 58245.4603192332901   474.51
AR                407.500 58245.6329581339854   586.12
AR                407.500 58246.2866215165002  1365.42
AR                407.500 58246.4577185681683  2263.49
AR                407.500 58246.6302680481249  2673.02
AR                407.500 58247.2841213352799   876.96
AR                407.500 58247.4553306540115   580.96
AR                407.500 58247.6278933601785  1927.06
AR                407.500 58248.2808571217944   623.22
AR                407.500 58248.4522864693618   401.90
AR                407.500 58248.6248907133859   402.78
AR                407.500 58249.2787044636197  1490.37
AR                407.500 58249.4497633390893   480.84
AR                407.500 58249.6223674165494   389.35
AR                407.500 58250.2761201542589  1133.61
AR                407.500 58250.4471622637215  1950.87
AR                407.500 58250.6199945958647   434.55
AR                407.500 58251.2737239978574   770.07
AR                407.500 58251.4445805475367  1940.36
AR                407.500 58251.6172398604073   463.96
AR                407.500 58252.2711546692011   513.07
AR                407.500 58252.4421009334701   591.04
AR                407.500 58252.6150176288100   501.82
AR                407.500 58253.2681598329889   457.15
AR                407.500 58253.4392188924012   385.49
AR                407.500 58253.6120661495839   443.12
AR                407.500 58254.2658418100665   352.65
AR                407.500 58254.4367649892187   488.67
AR                407.500 58254.6095776552035   479.41
AR                407.500 58255.2625577511772   452.83
AR                407.500 58255.4339077139882  1766.71
AR                407.500 58255.6066298425818  1368.43
AR                407.500 58256.2597682191968   759.40
AR                407.500 58256.4311759588929  2044.37
AR                407.500 58256.6038596776068   664.95
AR                407.500 58257.2569440090138   670.68
AR                407.500 58257.4283805065668  4406.25
AR                407.500 58257.6012438859065   726.85
AR                407.500 58258.2544903042346   572.24
AR                407.500 58258.4255839241729   560.87
AR                407.500 58260.6368335361512  1275.06
AR                407.500 58261.2504877343570   743.02
AR                407.500 58261.4248462757747  2858.85
AR                407.500 58261.5976105584811  2115.52
AR                407.500 58262.2439689119977   637.71
AR                407.500 58262.4219607271895   513.44
AR                407.500 58262.5949468243651   489.31
AR                407.500 58263.2408267940249  2102.15
AR                407.500 58263.4118462968912  2190.91
AR                407.500 58263.5846111055961   569.67
AR                407.500 58264.2382133895839   523.14
AR                407.500 58264.4092561393253  3125.19
AR                407.500 58264.5821456385662   646.97
AR                407.500 58265.2353514617849  2303.65
AR                407.500 58265.4063353488737   945.57
AR                407.500 58265.5790126169628  2422.78
AR                407.500 58266.2320586398711   719.67
AR                407.500 58266.4034326781406  2902.83
AR                407.500 58266.5761153840810   580.34
AR                407.500 58267.2292198321310   815.11
AR                407.500 58267.4005133887001   391.62
AR                407.500 58267.5731175941444   425.61
AR                407.500 58268.2263796209204  1523.45
AR                407.500 58268.3975040081777   440.55
AR                407.500 58268.5702586431345   452.16
AR                407.500 58269.2236874067295   733.13
AR                407.500 58269.3947839378105   440.83
AR                407.500 58269.5673882635630   331.57
AR                407.500 58270.2204613273481   646.03
AR                407.500 58270.3918377118091  1868.40
AR                407.500 58270.5646103338775   433.13
AR                407.500 58271.2180272720873   645.50
AR                407.500 58271.3890314414999   414.85
AR                407.500 58271.5617206717180  1667.84
AR                407.500 58272.2153669441563  1749.84
AR                407.500 58272.3864512803275  2748.40
AR                407.500 58272.5591587551161   419.23
AR                407.500 58273.2127971504934  1849.52
AR                407.500 58273.3836992968232  1849.83
AR                407.500 58273.5563808096494   643.89
AR                407.500 58274.2103997748307   770.77
AR                407.500 58274.3814304531705  2052.49
AR                407.500 58274.5543322283396   391.28
AR                407.500 58275.2072545479164  1375.03
AR                407.500 58275.3782323992571   481.36
AR                407.500 58275.5511028029034   392.38
AR                407.500 58276.2040599412069   577.69
AR                407.500 58276.3754080953517   361.70
AR                407.500 58276.5482786308789   314.73
AR                407.500 58277.2011431877730   501.85
AR                407.500 58277.3725028924876   355.91
AR                407.500 58277.5453155569684   364.97
AR                407.500 58278.1982148006269   582.88
AR                407.500 58278.3695977578043   403.19
AR                407.500 58278.5425146630096   343.45
AR                407.500 58279.1958967836927   443.12
AR                407.500 58279.3667388680976   539.90
AR                407.500 58279.5394240693165   618.83
AR                407.500 58280.1926705642553   869.03
AR                407.500 58280.3640304910176   444.87
AR                407.500 58280.4783369990173  1693.38
