a                407.500 57883.6019426072942   261.97
a                407.500 57884.2777348392050  1155.83
a                407.500 57884.4494077338127   304.86
a                407.500 57884.6223822581777   366.89
a                407.500 57885.2788017537671  1228.47
a                407.500 57885.4532269001322   352.28
a                407.500 57885.6258889790373   350.52
a                407.500 57886.2716239530148   343.76
a                407.500 57886.4429722891494   254.11
a                407.500 57886.6154840990918   444.54
a                407.500 57887.2689009782964   354.85
a                407.500 57887.4397545820993   313.16
a                407.500 57887.6123008840181   355.58
a                407.500 57888.2658799928641   399.01
a                407.500 57888.4372082850743   342.08
a                407.500 57888.6099396345095   275.35
a                407.500 57889.2626421448124   577.76
a                407.500 57889.4338865716774   510.47
a                407.500 57889.6063978348239   585.38
a                407.500 57890.2600810144309   663.66
a                407.500 57890.4318029745844   403.21
a                407.500 57890.6044533622781   490.54
a                407.500 57891.2579860517750   445.40
a                407.500 57891.4288166907429   344.14
a                407.500 57891.6015943639335   494.12
a                407.500 57892.2554279910674   393.80
a                407.500 57892.4261660763490   364.78
a                407.500 57892.5990479097162   301.48
a                407.500 57893.2526848434420   429.70
a                407.500 57893.4235038080069   319.89
a                407.500 57893.5960732883951   427.20
a                407.500 57894.2497912685577   554.54
a                407.500 57894.4207143649641   429.31
a                407.500 57894.5932492500621   358.30
a                407.500 57895.2465504862066   378.73
a                407.500 57895.4179021187891   421.59
a                407.500 57895.5904365317418   344.92
a                407.500 57896.2441545611288   465.59
a                407.500 57896.4155404924112   390.28
a                407.500 57896.5881794887455   423.53
a                407.500 57897.2417585246396   412.35
a                407.500 57897.4126238905214   545.43
a                407.500 57897.5851354055622   429.61
a                407.500 57898.2382777430116   679.10
a                407.500 57898.4095103844040   589.98
a                407.500 57898.5819642277596   579.01
a                407.500 57899.2420824904679   586.81
a                407.500 57899.4138619497711   524.41
a                407.500 57899.5861381548650   898.94
a                407.500 57900.2397658178752  1365.04
a                407.500 57900.4113849436681   410.39
a                407.500 57900.5838040402216   545.78
a                407.500 57901.2309362979266   403.22
a                407.500 57901.4017205453425   310.69
a                407.500 57901.5742205088527   416.41
a                407.500 57902.2281120743934   437.81
a                407.500 57902.3989194290243   306.57
a                407.500 57902.5716163200863   476.95
a                407.500 57903.2250569014386   606.52
a                407.500 57903.3961299664970   380.32
a                407.500 57903.5686300504203   455.83
a                407.500 57904.2224521720056   422.23
a                407.500 57904.3940696652365   397.30
a                407.500 57904.5666394100033   431.76
a                407.500 57905.2195038020982   430.40
a                407.500 57905.3909447939654   381.68
a                407.500 57905.5635358286898  1589.04
a                407.500 57906.2168153889752   411.20
a                407.500 57906.3881898316465   426.88
a                407.500 57906.5609564438780   615.44
a                407.500 57907.2148940182938   410.76
a                407.500 57907.3857129472046   388.76
a                407.500 57907.5585716838639   599.12
a                407.500 57908.2118298735465   403.87
a                407.500 57908.3829700228234   431.84
a                407.500 57908.5557245154843   329.67
a                407.500 57909.2086930623083   374.50
a                407.500 57909.3801455343230   361.47
a                407.500 57909.5528424474911   609.22
a                407.500 57910.2059384355775   392.90
a                407.500 57910.3772636053936   272.25
a                407.500 57910.5499949828565   367.35
a                407.500 57911.2030448318789   382.60
a                407.500 57911.3743352856635   382.19
a                407.500 57911.5470897862250   440.91
a                407.500 57912.2008077228928   352.77
a                407.500 57912.3717424867509   364.28
a                407.500 57912.5445665318317   408.24
a                407.500 57913.1971764914938   419.66
a                407.500 57913.3685362542993   497.07
a                407.500 57913.5412909793407   415.53
a                407.500 57914.1948815960917   338.39
a                407.500 57914.3656891670940   431.97
a                407.500 57914.5384089596597   444.71
a                407.500 57915.1918638200848   434.93
a                407.500 57915.3633624813607   414.58
a                407.500 57915.5361286722750   438.17
a                407.500 57916.1891671692080   331.02
a                407.500 57916.3605383411659   404.22
a                407.500 57916.5330848606020   571.69
a                407.500 57917.1866755344745   417.38
a                407.500 57917.3577141912223   525.11
a                407.500 57917.5303531214051   512.58
a                407.500 57918.1838974944070   392.96
a                407.500 57918.3546817991516   455.07
a                407.500 57918.5272861890053   340.87
a                407.500 57919.1816405189486   431.35
a                407.500 57919.3523089529467   366.93
a                407.500 57919.5250404904451   571.35
a                407.500 57920.1790246564929   538.70
a                407.500 57920.3497278361361   392.44
a                407.500 57920.5222509580042   579.99
a                407.500 57921.1759226523099   699.04
a                407.500 57927.4629283854837  1185.79
a                407.500 57928.1622238618030   352.42
a                407.500 57928.3358231885042   470.02
a                407.500 57928.5084157440033   334.29
a                407.500 57929.1546053943500   266.18
a                407.500 57929.3259271372575   421.50
a                407.500 57929.4985312372893   285.10
a                407.500 57930.1517348333823   323.95
a                407.500 57930.3230684861395   407.04
a                407.500 57930.4957534520625   329.76
a                407.500 57931.1491770139206   333.19
a                407.500 57931.3201167795978   386.97
a                407.500 57931.4927210525481   537.09
a                407.500 57932.1458405401247   315.16
a                407.500 57932.3171190423378   298.37
a                407.500 57932.4898274290578   412.33
a                407.500 57933.1432014983981   345.33
a                407.500 57933.3146768186172   414.30
a                407.500 57933.4872347881250   537.41
a                407.500 57934.1404004549747   411.22
a                407.500 57934.3115171015740   343.25
a                407.500 57934.4841212251981   509.18
a                407.500 57935.1373479200775   318.31
a                407.500 57935.3070492984790   410.86
a                407.500 57935.4778362542750   351.73
a                407.500 57936.1395841224181   268.87
a                407.500 57936.3119914436878   336.13
a                407.500 57936.4829867077262   397.04
a                407.500 57937.1370146225577   283.44
a                407.500 57937.3090862893832   333.89
a                407.500 57937.4799773650118   430.07
a                407.500 57938.1343525597171   215.07
a                407.500 57938.3065396462398   255.69
a                407.500 57938.4775815379837   499.70
a                407.500 57939.1279262552692   245.39
a                407.500 57939.2969797360410   265.52
a                407.500 57939.4678939395990   373.82
a                407.500 57940.1292827122239   328.58
a                407.500 57940.4994808965500   469.86
a                407.500 57941.1261806189108   378.77
a                407.500 57941.2977081968134   423.58
a                407.500 57941.4685880260115   402.60
a                407.500 57942.1240741850767   223.85
a                407.500 57942.2974536590139   285.53
a                407.500 57942.4700696066272   279.01
a                407.500 57943.1162558392102   281.33
a                407.500 57943.2873724152806   334.18
a                407.500 57943.4600006012422   319.63
a                407.500 57944.1135476263636   268.65
a                407.500 57944.2841779871533   323.10
a                407.500 57944.4566895762300   417.56
a                407.500 57945.1100869538682   261.13
a                407.500 57945.2814233636835   286.94
a                407.500 57945.4539695909248   426.74
a                407.500 57946.1079889355006   352.76
a                407.500 57946.2792471858051   361.10
a                407.500 57946.4519329335459   364.82
a                407.500 57947.1057233565822   275.78
a                407.500 57947.2765736850551   310.50
a                407.500 57947.4491547389017   338.49
a                407.500 57948.1033737868275   280.35
a                407.500 57948.2740270778499   275.14
a                407.500 57948.4465273272286   290.95
a                407.500 57949.1000517828610   295.52
a                407.500 57949.2711337950372   208.05
a                407.500 57949.4436683518665   273.61
a                407.500 57950.0967298262724   310.33
a                407.500 57950.2679621871773   266.67
a                407.500 57950.4405085480490   312.04
a                407.500 57951.0942531349013   252.89
a                407.500 57951.2657285853674   255.37
a                407.500 57951.4384021054975   298.56
a                407.500 57952.0920537601342   236.57
a                407.500 57952.2632282958881   283.90
a                407.500 57952.4360061336233   334.04
a                407.500 57953.0891835930682   234.16
a                407.500 57953.2603462994272   259.86
a                407.500 57953.4328579085475   330.22
a                407.500 57954.0871233340068   203.47
a                407.500 57954.2577653187414   268.98
a                407.500 57954.4303231074768   367.16
a                407.500 57955.0842761245559   235.08
a                407.500 57955.2554272364302   215.34
a                407.500 57955.4280197293478   504.24
a                407.500 57956.0811622073337   255.84
a                407.500 57956.2520242889944   314.54
a                407.500 57956.4245938813628   299.05
a                407.500 57957.0779215849155   252.56
a                407.500 57957.2488760915480   262.07
a                407.500 57957.4214571832208   392.78
a                407.500 57958.0747963810288   263.98
a                407.500 57958.2460869570010   242.88
a                407.500 57958.4186104544643   354.68
a                407.500 57959.0725018010212   323.41
a                407.500 57959.2439222109488   311.64
a                407.500 57959.4165495937415   585.02
a                407.500 57960.0700162561507   297.97
a                407.500 57960.2411792685339   286.24
a                407.500 57960.4137138683875   400.61
a                407.500 57961.0675742839159   281.38
a                407.500 57961.2387139912215   385.79
a                407.500 57961.4112139403481   511.33
a                407.500 57962.0650742041978   257.08
a                407.500 57962.2360366699106  1378.80
a                407.500 57962.4086096740202   445.74
a                407.500 57963.0624930810183   394.20
a                407.500 57963.2332275137016   400.29
a                407.500 57963.4057622927672   479.71
a                407.500 57964.0593565212272   313.02
a                407.500 57964.2299869435001   390.75
a                407.500 57964.4025447967443   471.10
a                407.500 57965.0562893875351   297.34
a                407.500 57965.2275561996919   357.76
a                407.500 57965.4001372210292   386.53
a                407.500 57966.0539860096928   290.63
a                407.500 57966.2249868776551   380.95
a                407.500 57966.3975200454801  1343.23
a                407.500 57967.0511386737495   274.16
a                407.500 57967.2220931776148   301.09
a                407.500 57967.3946279984507   334.66
a                407.500 57968.0481873639369   327.96
a                407.500 57968.2192924747800   267.10
a                407.500 57968.3918154827691   347.51
a                407.500 57969.0458145855432   360.49
a                407.500 57969.2167804743857   219.44
a                407.500 57969.3893963743118   399.23
a                407.500 57970.0430715123037   345.70
a                407.500 57970.2144194569140   275.19
a                407.500 57970.3871045981997   360.84
a                407.500 57971.0410228262641   368.76
a                407.500 57971.2118846660505   330.58
a                407.500 57971.3846624878588   301.67
a                407.500 57972.0378631693747   280.59
a                407.500 57972.2088638356059   424.48
a                407.500 57972.3814910767873   296.83
a                407.500 57973.0345873433457   296.88
a                407.500 57973.2059356590296   277.79
a                407.500 57973.3785979903167   336.11
a                407.500 57974.0321569727581   307.65
a                407.500 57974.2032502913079   298.64
a                407.500 57974.3759355733815   425.19
a                407.500 57975.0298999959093   298.09
a                407.500 57975.2008660985221   280.40
a                407.500 57975.3734819387538   326.20
a                407.500 57976.0272032443476   275.29
a                407.500 57976.1984701218912   310.27
a                407.500 57976.3710975155894   427.01
a                407.500 57977.0244368529681   272.14
a                407.500 57977.1951830961833   348.51
a                407.500 57977.3676368099139   322.67
a                407.500 57978.0216673800160   276.86
a                407.500 57980.0220100399574   322.08
a                407.500 57980.1949866515208   280.76
a                407.500 57980.3674512795483   311.31
a                407.500 57981.0137075360475   263.62
a                407.500 57981.1849281592158   358.25
a                407.500 57981.3575092955693   433.27
a                407.500 57982.0104086873677   293.80
a                407.500 57982.1810855594899   378.95
a                407.500 57982.3534352144132   343.16
a                407.500 57983.0074196092216   278.11
a                407.500 57983.1785278821085   313.19
a                407.500 57983.3508889399980   404.86
a                407.500 57984.0049657702042   322.31
a                407.500 57984.1759235831124   345.45
a                407.500 57984.3484698997061   378.53
a                407.500 57985.0023963934433   254.31
a                407.500 57985.1734004155262   288.33
a                407.500 57985.3459120638902   253.48
a                407.500 57985.9998964544621   295.31
a                407.500 57986.1706227090480   305.51
a                407.500 57986.3431690413788   366.53
a                407.500 57986.9965198076975   342.71
a                407.500 57987.1677174904090   342.18
a                407.500 57987.3402175224571   270.72
a                407.500 57987.9976568094802   282.39
a                407.500 57988.1715138767868   307.15
a                407.500 57988.3439096992865   336.14
a                407.500 57988.9905908371492   362.12
a                407.500 57989.1621503916649   279.72
a                407.500 57989.3345810501314   305.83
a                407.500 57989.9886694589143   335.94
a                407.500 57990.1597314490195   286.85
a                407.500 57990.3322317471413   370.72
a                407.500 57990.9850730598573   277.78
a                407.500 57991.1563285670841   303.45
a                407.500 57991.3288750841298   389.60
a                407.500 57991.9823415640367   296.98
a                407.500 57992.1535856447696   342.84
a                407.500 57992.3261087696210   333.34
a                407.500 57992.9797142709150   310.56
a                407.500 57993.1507499304165   257.30
a                407.500 57993.3232499729488   334.63
a                407.500 57993.9769681344175   306.44
a                407.500 57994.1483888128261   364.48
a                407.500 57994.3211667082177   484.20
a                407.500 57994.9750236688385   443.44
a                407.500 57995.1459582719419   414.54
a                407.500 57995.3185855333697   550.12
a                407.500 57995.9717745584237   371.97
a                407.500 57996.1431110403127   621.51
a                407.500 57996.3157848273397   525.51
a                407.500 57996.9698270689589   339.58
a                407.500 57997.1408657931505   279.70
a                407.500 57997.3134814272044   442.95
a                407.500 57997.9676626654759   358.69
a                407.500 57998.1383194027985   329.41
a                407.500 57998.3110510283122   384.61
a                407.500 57998.9644829617578   356.46
a                407.500 57999.1357152673347   404.13
a                407.500 57999.3084816389630   481.97
a                407.500 57999.9611264772064   363.15
a                407.500 58000.1324976713106   287.54
a                407.500 58000.3049977318140   541.53
a                407.500 58000.9581055403529   357.10
a                407.500 58001.1293031701828   388.14
a                407.500 58001.3018610791655   342.31
a                407.500 58001.9559382525090   339.61
a                407.500 58002.1271042178348   374.60
a                407.500 58002.2998473189586   316.19
a                407.500 58002.9534844256989   335.70
a                407.500 58003.1243495051766   345.38
a                407.500 58003.2970000577065   424.83
a                407.500 58003.9498650353352   288.80
a                407.500 58004.1210972564268   480.74
a                407.500 58004.2937245927674   426.27
a                407.500 58004.9474775034456   430.36
a                407.500 58005.1184584881724   380.17
a                407.500 58005.2910858761272   701.49
a                407.500 58005.9453016541119   416.57
a                407.500 58006.1161205328151   319.24
a                407.500 58006.2887595230217   397.55
a                407.500 58006.9417283567702   357.62
a                407.500 58007.1131228706577   296.07
a                407.500 58007.2856345379205   440.56
a                407.500 58007.9397925845530   263.78
a                407.500 58008.1106691582028   300.98
a                407.500 58008.2830996829751   267.86
a                407.500 58008.9371073278705   292.42
a                407.500 58009.1082387257162   258.45
a                407.500 58009.2809006690679   348.48
a                407.500 58009.9346190213112   294.30
a                407.500 58010.1055302650200   274.62
a                407.500 58010.2782850363236   355.75
a                407.500 58010.9323041119476   243.99
a                407.500 58011.1031114144904   275.39
a                407.500 58011.2758546465456   317.86
a                407.500 58011.9291127656873   260.85
a                407.500 58012.1004031524123   267.78
a                407.500 58012.2730884099667   365.29
a                407.500 58012.9262773787722   268.16
a                407.500 58013.0976023326932   310.62
a                407.500 58013.2702990448662   353.35
a                407.500 58013.9236614838014   273.57
a                407.500 58014.0945813559628   327.13
a                407.500 58014.2672203324327   561.85
a                407.500 58014.9206638793143   248.96
a                407.500 58015.0919309833257   300.16
a                407.500 58015.2644889403137   444.53
a                407.500 58015.9177587645244   243.80
a                407.500 58016.0891416200411   293.29
a                407.500 58016.2616764508745   380.07
a                407.500 58016.9147843249850   284.66
a                407.500 58017.0860513028980   259.80
a                407.500 58023.9761675470217   216.00
a                407.500 58024.1488986738758   270.64
a                407.500 58024.3213300170956   280.56
a                407.500 58024.8988988547736   266.20
a                407.500 58025.0713757472837   224.78
a                407.500 58025.2438875044654   359.87
a                407.500 58025.8909538660876   304.59
a                407.500 58026.0619776815498   335.75
a                407.500 58026.2344894265930   378.21
a                407.500 58026.8881991853097   271.16
a                407.500 58027.0592928724529   333.95
a                407.500 58027.2320705443467   341.40
a                407.500 58027.8852130861218   262.87
a                407.500 58028.0562486991047   305.65
a                407.500 58028.2288413792399   338.37
a                407.500 58028.8829795321666   270.88
a                407.500 58029.0537372658658   393.16
a                407.500 58029.2263879911412   454.39
a                407.500 58029.8801326030019   219.12
a                407.500 58030.0514920491321   276.67
a                407.500 58030.2240615249250   309.34
a                407.500 58030.8776095456674   203.11
a                407.500 58031.0483670589716   259.82
a                407.500 58031.2210523194543   341.81
a                407.500 58031.8750747186246   298.17
a                407.500 58032.0461565528525   293.44
a                407.500 58032.2188069212805   304.11
a                407.500 58032.8724476914903   306.60
a                407.500 58033.0431126452319   323.36
a                407.500 58033.2155548492777   379.50
a                407.500 58033.8694849316566   223.18
a                407.500 58034.0402193466379   221.56
a                407.500 58034.2128812419834   245.08
a                407.500 58034.8664407051441   236.55
a                407.500 58035.0372098918087   237.05
a                407.500 58035.2097563022450   279.87
a                407.500 58035.8635126284646   244.33
a                407.500 58036.0343860967848   258.37
a                407.500 58036.2068629170127   304.93
a                407.500 58036.8607579391970   316.56
a                407.500 58037.0316547142195   239.15
a                407.500 58037.2040734996085   279.73
a                407.500 58037.8580613746024   232.03
a                407.500 58038.0289347995137   272.43
a                407.500 58038.2015275381150   241.08
a                407.500 58038.8547856926308   279.15
a                407.500 58039.0260529812585   212.16
a                407.500 58039.1985531996751   280.92
a                407.500 58039.8525407351635   181.60
a                407.500 58040.0232870122011   198.93
a                407.500 58040.1957869489220   295.39
a                407.500 58040.8492189848888   232.87
a                407.500 58041.0203818010026   210.79
a                407.500 58041.1930555845154   244.11
a                407.500 58041.8466728053329   304.86
a                407.500 58042.0179860988154   307.89
a                407.500 58042.1905324950187   333.98
a                407.500 58042.8464239710275   268.72
a                407.500 58043.0210303128235   300.93
a                407.500 58043.1936460480213   328.64
a                407.500 58043.8408170283970   226.39
a                407.500 58044.0121992107627   227.39
a                407.500 58044.1847574722975   261.09
a                407.500 58044.8379114609283   307.43
a                407.500 58045.0091439063598   242.07
a                407.500 58045.1817018373842   256.92
a                407.500 58045.8350412225602   241.44
a                407.500 58046.0061694094957   206.20
a                407.500 58046.1787273489279   248.54
a                407.500 58046.8320004307741   281.09
a                407.500 58047.0033570831807   233.12
a                407.500 58047.1759728615793   236.87
a                407.500 58047.8289798118122   271.21
a                407.500 58048.0003595650421   192.11
a                407.500 58048.1729752658113   281.93
a                407.500 58048.8264104158155   312.05
a                407.500 58048.9975355678732   303.43
a                407.500 58049.1703133598912   293.55
a                407.500 58049.8233320283909   286.82
a                407.500 58049.9944338041254   279.16
a                407.500 58050.1671076415618   303.40
a                407.500 58050.8211183756061   277.51
a                407.500 58050.9919339100034   242.90
a                407.500 58051.1646077807099   253.72
a                407.500 58051.8184911712843   289.05
a                407.500 58051.9895382237114   458.27
a                407.500 58052.1621656456698   310.07
a                407.500 58052.8157830381657   251.73
a                407.500 58052.9867488645967   272.99
a                407.500 58053.1596193990172   327.18
a                407.500 58053.8128809569472   223.22
a                407.500 58053.9839250290987   328.00
a                407.500 58054.1564946443366   311.69
a                407.500 58054.8099181517316   316.39
a                407.500 58054.9809158421677   334.21
a                407.500 58055.1534390212935   350.44
a                407.500 58055.8072878980473   333.68
a                407.500 58055.9785317999575   271.14
a                407.500 58056.1509739378705   268.96
a                407.500 58056.8041311179952   291.80
a                407.500 58056.9754185154813   294.06
a                407.500 58057.1479765364709   271.95
a                407.500 58057.8010875763820   312.64
a                407.500 58057.9724093132727   310.21
a                407.500 58058.1449091755358   283.72
a                407.500 58058.7981593864432   310.09
a                407.500 58058.9693770282553   348.03
a                407.500 58059.1419349438607   337.48
a                407.500 58059.7952776184778   269.42
a                407.500 58059.9664406366045   314.86
a                407.500 58060.1391605823053   330.37
a                407.500 58060.7999157207447   309.49
a                407.500 58060.9710587971957   323.70
a                407.500 58062.7939173891896   328.16
a                407.500 58062.9662086945143   333.26
a                407.500 58063.1386164170087   369.09
a                407.500 58063.7847566237594   325.09
a                407.500 58063.9556999213127   283.87
a                407.500 58064.1281419080156   342.19
a                407.500 58064.7887700897332   329.20
a                407.500 58064.9603063840185   344.54
a                407.500 58065.1327023583746   369.12
a                407.500 58065.7789466250728   442.46
a                407.500 58065.9499476390311   366.94
a                407.500 58066.1224245991374   495.06
a                407.500 58066.7838625877455   329.19
a                407.500 58066.9554109134648   342.78
a                407.500 58067.1280381629793   388.00
a                407.500 58067.7748003353913   343.81
a                407.500 58067.9458159289775   338.05
a                407.500 58068.1182930245515   471.61
a                407.500 58068.7715396956816   291.23
a                407.500 58068.9427605856125   364.37
a                407.500 58069.1152606374288   382.99
a                407.500 58069.7684030563535   639.48
a                407.500 58069.9398324562224   442.33
a                407.500 58070.1123093575229   733.18
a                407.500 58070.7656832925812   349.96
a                407.500 58070.9366613022838   333.48
a                407.500 58071.1091265730283   527.95
a                407.500 58071.7697429102111   352.03
a                407.500 58071.9413025222165   388.52
a                407.500 58072.1139531115862   356.12
a                407.500 58072.7637850376975   380.12
a                407.500 58072.9378766643459   381.01
a                407.500 58073.1103537274749   435.74
a                407.500 58073.7643033976075   353.86
a                407.500 58073.9355620422010   491.61
a                407.500 58074.1080505902631   322.02
a                407.500 58074.7612857598471   548.58
a                407.500 58074.9325415675527   665.09
a                407.500 58075.1050203826171  1212.14
a                407.500 58075.7587841393355  1565.30
a                407.500 58075.9305045749060   495.13
a                407.500 58076.1029818338555  1002.36
a                407.500 58076.7489827301687  1392.67
a                407.500 58076.9200069761131   604.72
a                407.500 58077.0924145883813  1525.95
a                407.500 58077.7528998481584  1784.87
a                407.500 58077.9241158627861   452.77
a                407.500 58078.0965473666210  2881.26
a                407.500 58078.7494459582832   547.42
a                407.500 58078.9208752203940   476.32
a                407.500 58079.0935489341672   488.70
a                407.500 58079.7470934985863   687.01
a                407.500 58079.9181445456708  2117.38
a                407.500 58080.0906528787586  1153.36
a                407.500 58080.7438928907367   638.86
a                407.500 58080.9156670583710   447.97
a                407.500 58081.0882251334964   461.25
a                407.500 58081.7416336415174   676.55
a                407.500 58081.9125422217122   378.48
a                407.500 58082.0850539018094   472.29
a                407.500 58082.7383468461062   758.72
a                407.500 58082.9097877479679   530.84
a                407.500 58083.0823341005832   768.94
a                407.500 58083.7364227118592   669.86
a                407.500 58083.9071698014567  1149.76
a                407.500 58084.0797995662771   487.28
a                407.500 58084.7335524163877   536.48
a                407.500 58084.9045681204753  1207.30
a                407.500 58085.0770449984085   457.94
a                407.500 58085.7309945452049   611.98
a                407.500 58085.9019873950446   548.31
a                407.500 58086.0744558790131   881.36
a                407.500 58086.7284600399310   690.21
a                407.500 58086.8992674888809   598.06
a                407.500 58087.0717907883575   466.31
a                407.500 58087.7258096736121   786.17
a                407.500 58087.8969296647881   377.92
a                407.500 58088.0695106788301   519.36
a                407.500 58088.7233216050059   775.05
a                407.500 58088.8941521044253   790.83
a                407.500 58089.0667098476671   485.31
a                407.500 58089.7202196199352  2445.80
a                407.500 58089.8911659792274   680.27
a                407.500 58090.0637123611350   688.48
a                407.500 58090.7173609883405   484.41
a                407.500 58090.8889787186562   899.23
a                407.500 58091.0615713705471   591.02
a                407.500 58091.7151504703529   669.18
a                407.500 58091.8861198855444   678.25
a                407.500 58092.0586199822835   682.96
a                407.500 58092.7124190661516  1093.36
a                407.500 58092.8837357846672   842.70
a                407.500 58093.0562937392694   966.22
a                407.500 58093.7032176433018   696.57
a                407.500 58093.8740947644327   517.57
a                407.500 58094.0466990559490   722.06
a                407.500 58094.7008683297666   923.36
a                407.500 58094.8718726671013   510.06
a                407.500 58095.0443611582036   477.54
a                407.500 58095.6981833593088   767.03
a                407.500 58095.8695348016570   391.04
a                407.500 58096.0420349631792   470.30
a                407.500 58096.6951772844557   564.74
a                407.500 58096.8665953737974   415.81
a                407.500 58097.0390951366028   505.21
a                407.500 58097.6931022104842  1279.57
a                407.500 58097.8646741080767   515.93
a                407.500 58098.0373823235666   823.19
a                407.500 58098.6919137607004   595.74
a                407.500 58098.8630325384546  2345.73
a                407.500 58099.0355049841502  1814.17
a                407.500 58099.6897494875189   623.45
a                407.500 58099.8607621221035   411.79
a                407.500 58102.9651724906290   752.07
a                407.500 58103.6843834107655  1343.27
a                407.500 58103.8565031779309   455.50
a                407.500 58104.0289567579642   459.63
a                407.500 58104.6780397461058   621.55
a                407.500 58104.8526146342655   449.86
a                407.500 58105.0252533953554   460.16
a                407.500 58105.6709884255119   540.53
a                407.500 58105.8421283840359   648.43
a                407.500 58106.0146748077220   494.70
a                407.500 58106.6675046008940   364.40
a                407.500 58106.8389687960468   406.40
a                407.500 58107.0115385186157   717.03
a                407.500 58107.6647617626060   616.95
a                407.500 58107.8355545692305   457.94
a                407.500 58108.0081018156738  1097.92
a                407.500 58108.6685120053084   427.59
a                407.500 58108.8399181628534   742.56
a                407.500 58109.0124067361483   356.70
a                407.500 58109.6655606029677   569.83
a                407.500 58109.8364807178757   421.68
a                407.500 58110.0089229407999   833.84
a                407.500 58110.6621809652184   920.39
a                407.500 58110.8330899832351   504.29
a                407.500 58111.0056822784061   493.04
a                407.500 58111.6629481308697   616.41
a                407.500 58111.8369208764720   473.26
a                407.500 58112.0093978564915   520.12
a                407.500 58112.6566029188069   326.43
a                407.500 58112.8277542610666   496.22
a                407.500 58113.0002427660381   404.57
a                407.500 58113.6532694393303   415.31
a                407.500 58113.8244094816532   542.62
a                407.500 58113.9968747885907   472.29
a                407.500 58114.6507350403194   562.88
a                407.500 58114.8221526039041   377.88
a                407.500 58114.9946989193506   710.10
a                407.500 58115.6517103857655   440.23
a                407.500 58115.8256597791483   669.57
a                407.500 58115.9981945417478   443.85
a                407.500 58116.6448903726646   512.29
a                407.500 58116.8164816364671   404.60
a                407.500 58116.9891668281373   579.16
a                407.500 58117.6418693706846   442.19
a                407.500 58117.8132525142328   533.89
a                407.500 58117.9858798708979   710.82
a                407.500 58118.6421419813954   628.36
a                407.500 58125.7638465163025   866.58
a                407.500 58127.6141650665778   442.98
a                407.500 58127.7851520475640   423.20
a                407.500 58127.9575899346391  4141.97
a                407.500 58128.6107160290830   253.99
a                407.500 58128.7819455984825   409.35
a                407.500 58128.9544687472178  1473.08
a                407.500 58129.6080050364306   262.50
a                407.500 58129.7787628871098   527.58
a                407.500 58129.9512050452973   564.48
a                407.500 58130.6049609439951   438.97
a                407.500 58130.7757074233775   453.92
a                407.500 58130.9483463734347   473.89
a                407.500 58131.6014687433791   241.82
a                407.500 58131.7725246704431   320.33
a                407.500 58131.9450824352925   671.63
a                407.500 58132.6014253563443   282.33
a                407.500 58132.7761357936657   316.00
a                407.500 58132.9486706113063   457.91
a                407.500 58133.5958063214955   368.57
a                407.500 58133.7667411559104   413.65
a                407.500 58133.9391832951278   318.97
a                407.500 58134.5931557396103   263.72
a                407.500 58134.7642758797371   331.78
a                407.500 58134.9367875880370   405.27
a                407.500 58135.5907948473920   299.54
a                407.500 58135.7621115739739   483.96
a                407.500 58135.9346347482610   381.49
a                407.500 58136.5879390569932   326.72
a                407.500 58136.7588631760921  1131.06
a                407.500 58136.9314289261726   342.18
a                407.500 58137.5847561991390   292.28
a                407.500 58137.7562088489265   293.60
a                407.500 58137.9288479221184   406.67
a                407.500 58138.5815852305212   294.20
a                407.500 58138.7530609008390   496.31
a                407.500 58138.9256072980083   489.75
a                407.500 58139.5792356669123   399.53
a                407.500 58139.7507113800422   363.76
a                407.500 58139.9233039788330   670.05
a                407.500 58140.5755491847590   258.03
a                407.500 58140.7477021596597   294.23
a                407.500 58140.9202950246634   538.70
a                407.500 58141.5740244685682   518.70
a                407.500 58141.7450981291525   409.18
a                407.500 58141.9177602657577   414.13
a                407.500 58142.5744121314829   332.09
a                407.500 58142.7486629770739   323.70
a                407.500 58142.9212558092051   373.14
a                407.500 58143.5689637166208   269.79
a                407.500 58143.7408274314783   288.09
a                407.500 58143.9135241883869   355.68
a                407.500 58144.5706364753153   361.52
a                407.500 58144.7448204169936   362.53
a                407.500 58144.9173552802415   419.73
a                407.500 58145.5632523424826   271.26
a                407.500 58145.7346469788595   375.05
a                407.500 58145.9073438737119   458.01
a                407.500 58146.5614436469734   277.57
a                407.500 58146.7324132248533   297.30
a                407.500 58146.9050290161586   301.59
a                407.500 58147.5585068661071   284.87
a                407.500 58147.7300175103370   276.89
a                407.500 58147.9025523157654   316.18
a                407.500 58148.5562354812356   295.13
a                407.500 58148.7279226170937   374.75
a                407.500 58148.9005037512907   266.82
a                407.500 58149.5537501558463   254.45
a                407.500 58149.7249017417503   316.12
a                407.500 58149.8974368047813   294.58
a                407.500 58150.5515712038437   293.66
a                407.500 58150.7226451127814   281.07
a                407.500 58150.8951912647260   356.43
a                407.500 58151.5491985432536   342.13
a                407.500 58151.7202606587668   339.61
a                407.500 58151.8928302168556   314.84
a                407.500 58152.5460534821669   382.81
a                407.500 58152.7173325103068   384.69
a                407.500 58152.8899600304818   321.04
a                407.500 58153.5434494652884   285.30
a                407.500 58153.7144274620850   345.80
a                407.500 58153.8870202053443   343.46
a                407.500 58154.5434176190666   270.37
a                407.500 58154.7181890699406   391.96
a                407.500 58154.8907123520417   367.98
a                407.500 58155.5370257991549   397.93
a                407.500 58155.7085362417005   374.07
a                407.500 58155.8810595890086   331.12
a                407.500 58156.5371213394064   273.30
a                407.500 58156.7116266347969   429.50
a                407.500 58156.8842656402552   329.50
a                407.500 58157.5301856249780   300.27
a                407.500 58157.7015109409766   288.73
a                407.500 58157.8742541206883   303.24
a                407.500 58158.5281109809788   308.37
a                407.500 58158.6990109935668   427.23
a                407.500 58158.8717656796386   329.29
a                407.500 58159.5250468200391   340.72
a                407.500 58159.6966036423165   422.80
a                407.500 58159.8693466539813   322.65
a                407.500 58160.5224310871977   330.92
a                407.500 58160.6939185659321   368.11
a                407.500 58160.8665690946852   270.42
a                407.500 58161.5205880078760   374.28
a                407.500 58161.6919856250803   260.53
a                407.500 58161.8646593638655   326.98
a                407.500 58162.5184121357862   339.39
a                407.500 58162.6895339675254  2537.88
a                407.500 58162.8624737336869   343.99
a                407.500 58163.5162129431852   390.62
a                407.500 58163.6872634724880   355.31
a                407.500 58163.8598676683824   329.77
a                407.500 58164.5136898026079   263.82
a                407.500 58164.6853539992655   373.10
a                407.500 58168.5751918124494   426.50
a                407.500 58168.7481201501229   519.67
a                407.500 58168.9206316377868   420.11
a                407.500 58169.4984756341091   502.13
a                407.500 58169.6718941867408   607.45
a                407.500 58169.8444740762087   378.99
a                407.500 58170.4981487109371  1241.80
a                407.500 58170.6690217892530  1388.24
a                407.500 58170.8416732169292   410.06
a                407.500 58171.4953679131738   533.46
a                407.500 58171.6670318208484   652.12
a                407.500 58171.8396709276123   527.52
a                407.500 58172.4933178432785  1919.47
a                407.500 58172.6643931148943   683.42
a                407.500 58172.8370204209084   434.23
a                407.500 58173.4890266479363  1914.79
a                407.500 58173.7746247764758   458.80
a                407.500 58174.4859410558696   469.07
a                407.500 58174.7715209049936   983.50
a                407.500 58175.4825180902359  1580.48
a                407.500 58175.7840691020609   390.25
a                407.500 58176.4811407694558   695.67
a                407.500 58176.7829371020766  1808.31
a                407.500 58177.4801916364034   707.42
a                407.500 58177.7801687576318   765.20
a                407.500 58178.4727380702007  1171.64
a                407.500 58178.7717313908303   512.92
a                407.500 58179.4750995386317   385.45
a                407.500 58179.6475643822270   542.48
a                407.500 58179.8200528698324   623.15
a                407.500 58180.4669442462097   922.52
a                407.500 58180.6377474796856  1473.54
a                407.500 58180.8102726893151   371.67
a                407.500 58181.4644998341823   651.08
a                407.500 58181.6355767818816  2630.01
a                407.500 58181.8081778924264   456.67
a                407.500 58182.4615515265651   362.95
a                407.500 58182.6324691360529  1445.63
a                407.500 58182.8050990468656   416.24
a                407.500 58183.5275063666511   294.59
a                407.500 58183.7008514966427   473.75
a                407.500 58183.8734671046118   303.96
a                407.500 58184.4558222087162   609.09
a                407.500 58184.6269739120062   546.10
a                407.500 58184.7995435288374   419.37
a                407.500 58185.4556863700304   438.11
a                407.500 58185.6300758064808   483.55
a                407.500 58185.8026800392497   390.52
a                407.500 58186.4497428988197   431.76
a                407.500 58186.6206661079948   498.56
a                407.500 58186.7933165921948   393.68
a                407.500 58187.4510072328287   223.78
a                407.500 58187.6251683810964   604.57
a                407.500 58187.7977378344652   468.54
a                407.500 58188.4475265706822   366.94
a                407.500 58188.6221385332747  1334.06
a                407.500 58188.7947285076922   399.36
a                407.500 58189.4412474816965   516.38
a                407.500 58189.6121476074885   447.12
a                407.500 58189.7846822832759   295.01
a                407.500 58190.4384664489479  1025.67
a                407.500 58190.6094043896360   544.99
a                407.500 58190.7819854274650   320.55
a                407.500 58191.4361894983604   432.38
a                407.500 58191.6071381632210  2227.43
a                407.500 58191.7796822534614   318.79
a                407.500 58192.4337126464039   714.27
a                407.500 58192.6050523819355   425.04
a                407.500 58192.7777608207896   328.43
a                407.500 58193.4348150557179   335.76
a                407.500 58193.6089990950296   426.85
a                407.500 58193.7816150434285   271.94
a                407.500 58194.4346932526246   350.73
a                407.500 58194.6050061966598   497.10
a                407.500 58194.7758163989741   294.51
a                407.500 58195.4302460859727   304.79
a                407.500 58195.6016859317848  2117.04
a                407.500 58195.7724945670364   304.49
a                407.500 58196.4272715311686   365.80
a                407.500 58196.6104949551263  1944.28
a                407.500 58196.7832701180820   460.53
a                407.500 58197.4248177644486   399.51
a                407.500 58197.5994386656216   358.07
a                407.500 58197.7721587020293   484.26
a                407.500 58198.4183102239794   682.38
a                407.500 58198.5897166894915   427.38
a                407.500 58198.7623207980713   378.18
a                407.500 58199.4156365427490   593.05
a                407.500 58199.5868230914652   378.27
a                407.500 58199.7594503179906   327.88
a                407.500 58200.4123031903338   338.30
a                407.500 58200.5838947224050   386.40
a                407.500 58200.7565451580601   256.09
a                407.500 58201.4097799175668   311.64
a                407.500 58201.5812244541406  1731.84
a                407.500 58201.7538485436792   289.77
a                407.500 58202.4079134006873   281.70
a                407.500 58202.5788830134375   325.34
a                407.500 58202.7514987522361   329.18
a                407.500 58203.4053439802709   409.43
a                407.500 58203.5763945740495   397.92
a                407.500 58203.7489871327348   287.50
a                407.500 58204.4029829118415   228.67
a                407.500 58204.5742533021130   530.81
a                407.500 58204.7468923034923   325.01
a                407.500 58205.4001154038932   337.89
a                407.500 58205.5714407757643   335.21
a                407.500 58205.7441259114501   397.02
a                407.500 58206.3976701363668   382.53
a                407.500 58206.5688380253518  1672.65
a                407.500 58206.7414522212324   296.48
a                407.500 58207.3954365980552   275.25
a                407.500 58207.5663711385695   290.51
a                407.500 58221.4465879173426   218.44
a                407.500 58221.6196671124863  1309.98
a                407.500 58221.7921769512043   180.30
a                407.500 58222.3539737534293   209.15
a                407.500 58222.5254984181477   362.65
a                407.500 58222.6980335463663   227.49
a                407.500 58223.3517775394291   333.27
a                407.500 58223.5231141907091   334.46
a                407.500 58223.6956373283435   246.91
a                407.500 58224.3491617458491   237.54
a                407.500 58224.5205563321571   568.18
a                407.500 58224.6931025702095   318.60
a                407.500 58225.3462133003115   238.11
a                407.500 58225.5176857400490   314.63
a                407.500 58225.6903827258722   331.72
a                407.500 58226.3442659251541   315.67
a                407.500 58226.5158571035186   477.74
a                407.500 58226.6883802223685   307.08
a                407.500 58227.3418232975192   437.16
a                407.500 58227.5132758244449   387.30
a                407.500 58227.6857643583158   302.21
a                407.500 58228.3394045645007   308.44
a                407.500 58228.5107527266919   515.51
a                407.500 58228.6834840992559   530.53
a                407.500 58229.3371592163928   255.55
a                407.500 58229.5084522774010  2250.01
a                407.500 58229.6813196879510   320.41
a                407.500 58230.3348903409088   269.77
a                407.500 58230.5060880442150   298.64
a                407.500 58230.6787732160343   362.12
a                407.500 58231.3325986803727   258.12
a                407.500 58231.5035416923986   439.41
a                407.500 58231.6761140119618  1547.95
a                407.500 58232.3294038040054   283.14
a                407.500 58232.5008016403152  1596.48
a                407.500 58232.6734027879404   299.32
a                407.500 58233.3271009004231   244.21
a                407.500 58233.4981943640103   357.48
a                407.500 58233.6707173312192   319.91
a                407.500 58234.3244041236606   204.41
a                407.500 58234.4960528437205   400.41
a                407.500 58234.6685414702647   319.33
a                407.500 58235.3223090133130   273.77
a                407.500 58235.4937379966709   325.91
a                407.500 58235.6662845185601   289.89
a                407.500 58236.3128643506418   310.08
a                407.500 58236.4842704214940   389.66
a                407.500 58236.6568513847896   286.64
a                407.500 58237.3105726643256   373.31
a                407.500 58237.4817819064916   368.31
a                407.500 58237.6545596766324   257.93
a                407.500 58238.3082230041431   318.87
a                407.500 58238.4793858473569   440.95
a                407.500 58238.6521057735651   361.70
a                407.500 58239.3057922885014   374.28
a                407.500 58239.4767816447071   554.73
a                407.500 58239.6494438283408   273.03
a                407.500 58240.3030492237456   463.51
a                407.500 58240.4739604719251  1070.42
a                407.500 58240.6465269265699   310.12
a                407.500 58241.2996459712666   277.29
a                407.500 58241.4709827672922   436.32
a                407.500 58241.6435523262222   331.24
a                407.500 58242.2966018339025   249.62
a                407.500 58242.4678923902507   429.58
a                407.500 58242.6404155866557   310.55
a                407.500 58243.2933610498580   284.47
a                407.500 58243.4648714658390   626.67
a                407.500 58243.6374180877694   364.33
a                407.500 58244.2911389084688   307.19
a                407.500 58244.4620820615390   304.49
a                407.500 58244.6349061607683   335.91
a                407.500 58245.2888356578280   343.22
a                407.500 58245.4598944088702   332.11
a                407.500 58245.6325333194695   348.00
a                407.500 58246.2861967291410   403.94
a                407.500 58246.4572901199526   376.86
a                407.500 58246.6298364360211   406.92
a                407.500 58247.2836965307475   295.70
a                407.500 58247.4549058379705   393.71
a                407.500 58247.6274672025485  1430.78
a                407.500 58248.2804323014232   253.45
a                407.500 58248.4518616537477   288.76
a                407.500 58248.6244658975253   234.50
a                407.500 58249.2782796459058   340.33
a                407.500 58249.4493385236489   332.06
a                407.500 58249.6219426013045   246.72
a                407.500 58250.2756953503512   234.56
a                407.500 58250.4467342771619   343.56
a                407.500 58250.6195697842622   276.87
a                407.500 58251.2732991881320   228.94
a                407.500 58251.4441557429691  1868.84
a                407.500 58251.6168150483933   270.60
a                407.500 58252.2707298575641   298.14
a                407.500 58252.4416761200098   395.41
a                407.500 58252.6145928180457   254.50
a                407.500 58253.2677350146956   257.16
a                407.500 58253.4387940785089   304.23
a                407.500 58253.6116413336319   234.44
a                407.500 58254.2654169916397   218.53
a                407.500 58254.4363401790058   322.43
a                407.500 58254.6091528414869   268.14
a                407.500 58255.2621329411248   266.32
a                407.500 58255.4334820374551  1370.82
a                407.500 58255.6062012194017   285.64
a                407.500 58256.2593433993316   283.89
a                407.500 58256.4307497894296   332.64
a                407.500 58256.6034348667257   315.61
a                407.500 58257.2565191869892   250.53
a                407.500 58257.4279474186365  3893.72
a                407.500 58257.6008190770664   341.52
a                407.500 58258.2540655024385   269.29
a                407.500 58258.4251591158745   325.53
a                407.500 58260.6364087350114   578.07
a                407.500 58261.2500629284554   301.40
a                407.500 58261.4244179705418   388.43
a                407.500 58261.5971843933276   337.34
a                407.500 58262.2435441069271   287.13
a                407.500 58262.4215359255403   359.97
a                407.500 58262.5945220204527   333.06
a                407.500 58263.2403957413150   317.84
a                407.500 58263.4114215812151  1124.01
a                407.500 58263.5841863025994   360.39
a                407.500 58264.2377885968192   299.60
a                407.500 58264.4088251843675  1474.53
a                407.500 58264.5817208372300   364.29
a                407.500 58265.2349210502129   291.25
a                407.500 58265.4059105540288   393.42
a                407.500 58265.5785841867499   379.25
a                407.500 58266.2316338331777   336.49
a                407.500 58266.4030052368729   405.02
a                407.500 58266.5756905815848   346.52
a                407.500 58267.2287950227262   350.35
a                407.500 58267.4000885890993   304.40
a                407.500 58267.5726927952266   313.80
a                407.500 58268.2259509224057   429.20
a                407.500 58268.3970792113405   301.20
a                407.500 58268.5698338471796   331.00
a                407.500 58269.2232626105164   310.26
a                407.500 58269.3943591419591   301.55
a                407.500 58269.5669634678965   276.11
a                407.500 58270.2200365226331   313.47
a                407.500 58270.3914077561511   449.21
a                407.500 58270.5641855365756   328.85
a                407.500 58271.2176024889909   326.18
a                407.500 58271.3886066471646   306.02
a                407.500 58271.5612918737978   306.78
a                407.500 58272.2149405057985   367.46
a                407.500 58272.3860255502232   404.31
a                407.500 58272.5587339619697   317.78
a                407.500 58273.2123709308716   306.37
a                407.500 58273.3832709002583   415.52
a                407.500 58273.5559560186751   484.29
a                407.500 58274.2099749878164   406.56
a                407.500 58274.3810054843118  2280.57
a                407.500 58274.5539074382653   302.41
a                407.500 58275.2068297722675   395.52
a                407.500 58275.3778076079556   343.51
a                407.500 58275.5506780126512   329.43
a                407.500 58276.2036351452199   292.23
a                407.500 58276.3749833048732   289.25
a                407.500 58276.5478538435828   273.93
a                407.500 58277.2007184008519   267.81
a                407.500 58277.3720781032476   272.21
a                407.500 58277.5448907683182   309.26
a                407.500 58278.1977900181537   379.77
a                407.500 58278.3691729686465   326.25
a                407.500 58278.5420898756139   267.90
a                407.500 58279.1954719961322   254.13
a                407.500 58279.3663140825900   328.56
a                407.500 58279.5389992818239   370.99
a                407.500 58280.1922457847464   435.11
a                407.500 58280.3636057058434   361.10
a                407.500 58280.4779128602000   710.14
