a                407.500 57883.6023708481526   262.07
a                407.500 57884.2781630802401  1156.30
a                407.500 57884.4498359747973   304.75
a                407.500 57884.6228104990016   366.94
a                407.500 57885.2792299947844  1230.65
a                407.500 57885.4536551411277   352.10
a                407.500 57885.6263172198552   350.40
a                407.500 57886.2720521940115   343.79
a                407.500 57886.4434005301608   254.06
a                407.500 57886.6159123399225   444.42
a                407.500 57887.2693292193272   354.80
a                407.500 57887.4401828231137   312.99
a                407.500 57887.6127291248254   355.47
a                407.500 57888.2663082338621   398.72
a                407.500 57888.4376365260489   342.11
a                407.500 57888.6103678753310   275.31
a                407.500 57889.2630703858202   578.30
a                407.500 57889.4343148126966   510.91
a                407.500 57889.6068260756571   585.62
a                407.500 57890.2605092554493   664.02
a                407.500 57890.4322312155714   403.41
a                407.500 57890.6048816030690   490.49
a                407.500 57891.2584142927698   445.42
a                407.500 57891.4292449317282   344.17
a                407.500 57891.6020226047444   494.03
a                407.500 57892.2558562320699   393.91
a                407.500 57892.4265943173504   364.70
a                407.500 57892.5994761505013   301.55
a                407.500 57893.2531130843947   430.06
a                407.500 57893.4239320489687   319.98
a                407.500 57893.5965015291918   427.43
a                407.500 57894.2502195095226   554.94
a                407.500 57894.4211426059489   429.39
a                407.500 57894.5936774908332   358.28
a                407.500 57895.2469787272081   378.45
a                407.500 57895.4183303597759   421.61
a                407.500 57895.5908647725144   344.87
a                407.500 57896.2445828021085   465.41
a                407.500 57896.4159687333870   390.37
a                407.500 57896.5886077295321   423.39
a                407.500 57897.2421867656190   412.27
a                407.500 57897.4130521314852   545.92
a                407.500 57897.5855636463737   429.59
a                407.500 57898.2387059839899   680.18
a                407.500 57898.4099386253774   590.16
a                407.500 57898.5823924685555   579.43
a                407.500 57899.2425107314382   586.87
a                407.500 57899.4142901907232   524.62
a                407.500 57899.5865663956226   899.72
a                407.500 57900.2401940588683  1366.60
a                407.500 57900.4118131846234   410.46
a                407.500 57900.5842322809892   545.66
a                407.500 57901.2313645388913   403.30
a                407.500 57901.4021487862984   310.86
a                407.500 57901.5746487496304   416.68
a                407.500 57902.2285403153637   437.96
a                407.500 57902.3993476699793   306.68
a                407.500 57902.5720445608689   476.73
a                407.500 57903.2254851423757   606.33
a                407.500 57903.3965582074438   380.48
a                407.500 57903.5690582911708   455.94
a                407.500 57904.2228804129453   422.20
a                407.500 57904.3944979062193   397.52
a                407.500 57904.5670676507689   431.57
a                407.500 57905.2199320430563   430.71
a                407.500 57905.3913730348975   381.66
a                407.500 57905.5639640693850  1588.20
a                407.500 57906.2172436299264   411.35
a                407.500 57906.3886180725762   426.72
a                407.500 57906.5613846846527   615.53
a                407.500 57907.2153222592132   410.77
a                407.500 57907.3861411881682   388.61
a                407.500 57907.5589999246124   598.79
a                407.500 57908.2122581144654   403.85
a                407.500 57908.3833982637491   431.91
a                407.500 57908.5561527562086   329.72
a                407.500 57909.2091213032442   374.43
a                407.500 57909.3805737752258   361.37
a                407.500 57909.5532706881743   608.97
a                407.500 57910.2063666764986   392.79
a                407.500 57910.3776918463018   272.24
a                407.500 57910.5504232235619   367.54
a                407.500 57911.2034730727487   382.57
a                407.500 57911.3747635265476   382.34
a                407.500 57911.5475180269060   441.01
a                407.500 57912.2012359637624   352.86
a                407.500 57912.3721707276382   364.42
a                407.500 57912.5449947725251   408.20
a                407.500 57913.1976047323585   419.51
a                407.500 57913.3689644951393   497.16
a                407.500 57913.5417192200391   415.25
a                407.500 57914.1953098369619   338.39
a                407.500 57914.3661174079793   431.80
a                407.500 57914.5388372003519   444.86
a                407.500 57915.1922920609265   435.06
a                407.500 57915.3637907222019   414.66
a                407.500 57915.5365569128999   438.08
a                407.500 57916.1895954100363   330.99
a                407.500 57916.3609665820206   404.09
a                407.500 57916.5335131012522   571.36
a                407.500 57917.1871037753148   417.42
a                407.500 57917.3581424320650   525.13
a                407.500 57917.5307813620159   512.71
a                407.500 57918.1843257352290   392.90
a                407.500 57918.3551100399866   455.33
a                407.500 57918.5277144295982   340.68
a                407.500 57919.1820687597614   431.28
a                407.500 57919.3527371937882   366.65
a                407.500 57919.5254687310623   571.89
a                407.500 57920.1794528972982   538.43
a                407.500 57920.3501560769309   392.34
a                407.500 57920.5226791985541   580.35
a                407.500 57921.1763508930930   698.83
a                407.500 57927.4633566261524  1185.58
a                407.500 57928.1626521025259   352.41
a                407.500 57928.3362514292481   470.15
a                407.500 57928.5088439845428   334.00
a                407.500 57929.1550336350713   266.18
a                407.500 57929.3263553779767   421.74
a                407.500 57929.4989594778159   285.02
a                407.500 57930.1521630740974   323.95
a                407.500 57930.3234967268928   407.26
a                407.500 57930.4961816925677   329.82
a                407.500 57931.1496052546218   333.19
a                407.500 57931.3205450203381   387.19
a                407.500 57931.4931492930357   537.00
a                407.500 57932.1462687808343   315.19
a                407.500 57932.3175472830742   298.34
a                407.500 57932.4902556695264   413.00
a                407.500 57933.1436297390795   345.33
a                407.500 57933.3151050593269   414.34
a                407.500 57933.4876630285967   536.98
a                407.500 57934.1408286956751   411.23
a                407.500 57934.3119453422568   343.37
a                407.500 57934.4845494656827   509.62
a                407.500 57935.1377761607401   318.28
a                407.500 57935.3074775391654   410.69
a                407.500 57935.4782644946734   351.85
a                407.500 57936.1400123630673   268.87
a                407.500 57936.3124196843776   336.21
a                407.500 57936.4834149482501   397.11
a                407.500 57937.1374428632206   283.42
a                407.500 57937.3095145300468   333.94
a                407.500 57937.4804056054254   429.71
a                407.500 57938.1347808003506   215.11
a                407.500 57938.3069678868779   255.58
a                407.500 57938.4780097783888   501.03
a                407.500 57939.1283544958893   245.37
a                407.500 57939.2974079766815   265.53
a                407.500 57939.4683221800028   373.43
a                407.500 57940.1297109528306   328.52
a                407.500 57940.4999091369286   470.34
a                407.500 57941.1266088595043   378.80
a                407.500 57941.2981364374408   423.43
a                407.500 57941.4690162663447   403.19
a                407.500 57942.1245024256792   223.84
a                407.500 57942.2978818996112   285.51
a                407.500 57942.4704978470242   279.08
a                407.500 57943.1166840797871   281.40
a                407.500 57943.2878006558712   334.27
a                407.500 57943.4604288416060   319.41
a                407.500 57944.1139758669051   268.71
a                407.500 57944.2846062277459   322.92
a                407.500 57944.4571178166442   417.17
a                407.500 57945.1105151944545   261.15
a                407.500 57945.2818516042351   287.00
a                407.500 57945.4543978313004   426.72
a                407.500 57946.1084171760486   352.88
a                407.500 57946.2796754263479   361.21
a                407.500 57946.4523611738825   365.33
a                407.500 57947.1061515971278   275.74
a                407.500 57947.2770019256031   310.46
a                407.500 57947.4495829792484   338.66
a                407.500 57948.1038020273579   280.33
a                407.500 57948.2744553183837   274.85
a                407.500 57948.4469555675635   290.84
a                407.500 57949.1004800233771   295.49
a                407.500 57949.2715620355904   208.14
a                407.500 57949.4440965921389   273.56
a                407.500 57950.0971580667983   310.40
a                407.500 57950.2683904277385   266.49
a                407.500 57950.4409367883939   312.46
a                407.500 57951.0946813754041   252.94
a                407.500 57951.2661568258815   255.34
a                407.500 57951.4388303457912   298.31
a                407.500 57952.0924820006366   236.64
a                407.500 57952.2636565364163   283.96
a                407.500 57952.4364343739466   334.48
a                407.500 57953.0896118335764   234.11
a                407.500 57953.2607745399654   260.00
a                407.500 57953.4332861488498   329.83
a                407.500 57954.0875515745076   203.53
a                407.500 57954.2581935593162   268.83
a                407.500 57954.4307513477576   367.40
a                407.500 57955.0847043650854   235.11
a                407.500 57955.2558554769525   215.34
a                407.500 57955.4284479696866   504.45
a                407.500 57956.0815904478344   255.79
a                407.500 57956.2524525294766   314.52
a                407.500 57956.4250221217104   299.05
a                407.500 57957.0783498254014   252.57
a                407.500 57957.2493043320770   261.98
a                407.500 57957.4218854235052   393.40
a                407.500 57958.0752246215341   263.97
a                407.500 57958.2465151975288   242.66
a                407.500 57958.4190386947367   354.59
a                407.500 57959.0729300415364   323.44
a                407.500 57959.2443504514618   311.84
a                407.500 57959.4169778340458   584.15
a                407.500 57960.0704444966247   297.88
a                407.500 57960.2416075090504   286.25
a                407.500 57960.4141421086265   400.65
a                407.500 57961.0680025244110   281.44
a                407.500 57961.2391422317236   385.70
a                407.500 57961.4116421806218   510.77
a                407.500 57962.0655024446668   257.14
a                407.500 57962.2364649104664  1379.33
a                407.500 57962.4090379142574   446.20
a                407.500 57963.0629213214797   394.21
a                407.500 57963.2336557542046   400.41
a                407.500 57963.4061905330417   480.22
a                407.500 57964.0597847616952   312.95
a                407.500 57964.2304151839506   390.37
a                407.500 57964.4029730370357   471.81
a                407.500 57965.0567176280238   297.42
a                407.500 57965.2279844401542   357.93
a                407.500 57965.4005654612371   386.41
a                407.500 57966.0544142501362   290.63
a                407.500 57966.2254151180352   381.08
a                407.500 57966.3979482858652  1344.98
a                407.500 57967.0515669142026   274.32
a                407.500 57967.2225214180905   301.12
a                407.500 57967.3950562386415   334.47
a                407.500 57968.0486156043051   328.20
a                407.500 57968.2197207152111   267.08
a                407.500 57968.3922437229990   348.14
a                407.500 57969.0462428259824   360.44
a                407.500 57969.2172087148334   219.41
a                407.500 57969.3898246145844   399.14
a                407.500 57970.0434997526857   345.68
a                407.500 57970.2148476973332   275.44
a                407.500 57970.3875328385056   360.78
a                407.500 57971.0414510667081   368.97
a                407.500 57971.2123129065243   330.86
a                407.500 57971.3850907280866   302.26
a                407.500 57972.0382914097909   280.58
a                407.500 57972.2092920760848   425.10
a                407.500 57972.3819193170183   296.44
a                407.500 57973.0350155837706   297.02
a                407.500 57973.2063638995024   277.45
a                407.500 57973.3790262305915   336.34
a                407.500 57974.0325852131477   307.70
a                407.500 57974.2036785317965   298.76
a                407.500 57974.3763638136147   424.65
a                407.500 57975.0303282363376   297.90
a                407.500 57975.2012943389198   280.12
a                407.500 57975.3739101790061   326.49
a                407.500 57976.0276314847541   275.38
a                407.500 57976.1988983623125   309.94
a                407.500 57976.3715257558099   427.05
a                407.500 57977.0248650933712   272.10
a                407.500 57977.1956113366070   348.45
a                407.500 57977.3680650501510   323.15
a                407.500 57978.0220956204425   276.89
a                407.500 57980.0224382803970   322.15
a                407.500 57980.1954148919467   280.56
a                407.500 57980.3678795197474   311.44
a                407.500 57981.0141357765121   263.59
a                407.500 57981.1853563996128   358.65
a                407.500 57981.3579375357725   433.97
a                407.500 57982.0108369278020   293.91
a                407.500 57982.1815137999158   378.85
a                407.500 57982.3538634546516   343.39
a                407.500 57983.0078478496669   278.10
a                407.500 57983.1789561225287   312.75
a                407.500 57983.3513171802235   404.54
a                407.500 57984.0053940106484   322.18
a                407.500 57984.1763518235808   345.01
a                407.500 57984.3488981400395   378.20
a                407.500 57985.0028246338228   254.67
a                407.500 57985.1738286559093   288.35
a                407.500 57985.3463403041138   253.32
a                407.500 57986.0003246948957   295.43
a                407.500 57986.1710509495196   305.34
a                407.500 57986.3435972816747   367.17
a                407.500 57986.9969480481589   342.80
a                407.500 57987.1681457308433   341.95
a                407.500 57987.3406457627034   270.11
a                407.500 57987.9980850499445   282.35
a                407.500 57988.1719421172663   307.18
a                407.500 57988.3443379395343   335.23
a                407.500 57988.9910190776158   362.06
a                407.500 57989.1625786321342   279.43
a                407.500 57989.3350092903755   306.24
a                407.500 57989.9890976993680   335.74
a                407.500 57990.1601596894880   286.71
a                407.500 57990.3326599874191   370.17
a                407.500 57990.9855013003181   277.69
a                407.500 57991.1567568075662   303.93
a                407.500 57991.3293033243728   389.53
a                407.500 57991.9827698045081   297.09
a                407.500 57992.1540138852219   342.69
a                407.500 57992.3265370098609   333.07
a                407.500 57992.9801425113685   310.72
a                407.500 57993.1511781708802   257.40
a                407.500 57993.3236782132775   334.36
a                407.500 57993.9773963748923   306.46
a                407.500 57994.1488170532807   364.43
a                407.500 57994.3215949483734   484.28
a                407.500 57994.9754519093042   443.17
a                407.500 57995.1463865124105   414.41
a                407.500 57995.3190137736018   550.24
a                407.500 57995.9722027988708   372.03
a                407.500 57996.1435392807879   621.21
a                407.500 57996.3162130675990   524.05
a                407.500 57996.9702553094421   339.54
a                407.500 57997.1412940336158   279.64
a                407.500 57997.3139096674710   442.41
a                407.500 57997.9680909059254   358.91
a                407.500 57998.1387476433037   329.34
a                407.500 57998.3114792685751   384.89
a                407.500 57998.9649112022459   356.44
a                407.500 57999.1361435078787   404.29
a                407.500 57999.3089098791522   482.50
a                407.500 57999.9615547177083   363.35
a                407.500 58000.1329259117982   287.40
a                407.500 58000.3054259721521   541.31
a                407.500 58000.9585337808519   357.23
a                407.500 58001.1297314106500   388.62
a                407.500 58001.3022893194205   342.78
a                407.500 58001.9563664929900   339.72
a                407.500 58002.1275324583493   374.17
a                407.500 58002.3002755592396   316.04
a                407.500 58002.9539126661985   335.75
a                407.500 58003.1247777456707   345.25
a                407.500 58003.2974282980538   424.84
a                407.500 58003.9502932758441   288.99
a                407.500 58004.1215254969597   481.98
a                407.500 58004.2941528331028   426.65
a                407.500 58004.9479057439495   430.59
a                407.500 58005.1188867287186   380.56
a                407.500 58005.2915141164141   701.08
a                407.500 58005.9457298946455   416.55
a                407.500 58006.1165487733059   319.09
a                407.500 58006.2891877633617   398.02
a                407.500 58006.9421565973144   357.66
a                407.500 58007.1135511112256   296.00
a                407.500 58007.2860627782423   440.69
a                407.500 58007.9402208251165   263.77
a                407.500 58008.1110973987117   300.90
a                407.500 58008.2835279232863   267.93
a                407.500 58008.9375355684061   292.33
a                407.500 58009.1086669662744   258.59
a                407.500 58009.2813289093769   348.15
a                407.500 58009.9350472618532   294.38
a                407.500 58010.1059585055630   274.55
a                407.500 58010.2787132767200   355.71
a                407.500 58010.9327323525194   244.02
a                407.500 58011.1035396550427   275.30
a                407.500 58011.2762828869101   318.00
a                407.500 58011.9295410062622   260.91
a                407.500 58012.1008313929796   267.76
a                407.500 58012.2735166503757   365.41
a                407.500 58012.9267056193523   268.12
a                407.500 58013.0980305732554   310.72
a                407.500 58013.2707272852675   353.58
a                407.500 58013.9240897243900   273.62
a                407.500 58014.0950095965883   327.34
a                407.500 58014.2676485727402   561.36
a                407.500 58014.9210921199049   248.94
a                407.500 58015.0923592239270   300.11
a                407.500 58015.2649171807427   444.77
a                407.500 58015.9181870051160   243.74
a                407.500 58016.0895698606238   293.18
a                407.500 58016.2621046912791   380.32
a                407.500 58016.9152125655943   284.65
a                407.500 58017.0864795435012   259.99
a                407.500 58023.9765957876881   216.03
a                407.500 58024.1493269144691   270.43
a                407.500 58024.3217582574608   281.01
a                407.500 58024.8993270954002   266.19
a                407.500 58025.0718039879151   224.75
a                407.500 58025.2443157449147   359.53
a                407.500 58025.8913821067357   304.59
a                407.500 58026.0624059221881   335.56
a                407.500 58026.2349176670232   377.76
a                407.500 58026.8886274259512   271.18
a                407.500 58027.0597211131049   334.07
a                407.500 58027.2324987847783   341.36
a                407.500 58027.8856413267664   262.89
a                407.500 58028.0566769397511   305.44
a                407.500 58028.2292696196992   338.69
a                407.500 58028.8834077728206   270.83
a                407.500 58029.0541655065501   393.14
a                407.500 58029.2268162315822   454.73
a                407.500 58029.8805608436556   219.09
a                407.500 58030.0519202897976   276.72
a                407.500 58030.2244897653617   309.84
a                407.500 58030.8780377863237   203.10
a                407.500 58031.0487952996433   259.85
a                407.500 58031.2214805599450   341.84
a                407.500 58031.8755029592905   298.17
a                407.500 58032.0465847935002   293.35
a                407.500 58032.2192351617565   303.87
a                407.500 58032.8728759321690   306.59
a                407.500 58033.0435408859002   323.42
a                407.500 58033.2159830897750   379.26
a                407.500 58033.8699131723289   223.16
a                407.500 58034.0406475873136   221.55
a                407.500 58034.2133094824710   245.11
a                407.500 58034.8668689458409   236.55
a                407.500 58035.0376381325134   236.97
a                407.500 58035.2101845427189   279.88
a                407.500 58035.8639408691537   244.32
a                407.500 58036.0348143374815   258.29
a                407.500 58036.2072911574916   305.43
a                407.500 58036.8611861799089   316.57
a                407.500 58037.0320829549078   239.22
a                407.500 58037.2045017401299   279.59
a                407.500 58037.8584896153175   232.01
a                407.500 58038.0293630402410   272.37
a                407.500 58038.2019557786251   241.06
a                407.500 58038.8552139333337   279.14
a                407.500 58039.0264812219635   212.17
a                407.500 58039.1989814401921   280.87
a                407.500 58039.8529689758837   181.60
a                407.500 58040.0237152529168   198.89
a                407.500 58040.1962151894398   295.61
a                407.500 58040.8496472256138   232.88
a                407.500 58041.0208100417247   210.82
a                407.500 58041.1934838250579   244.18
a                407.500 58041.8471010460521   304.88
a                407.500 58042.0184143395373   307.87
a                407.500 58042.1909607355500   333.53
a                407.500 58042.8468522117588   268.73
a                407.500 58043.0214585535279   300.87
a                407.500 58043.1940742885317   329.02
a                407.500 58043.8412452691237   226.39
a                407.500 58044.0126274515014   227.43
a                407.500 58044.1851857128447   261.23
a                407.500 58044.8383397016558   307.43
a                407.500 58045.0095721470838   242.01
a                407.500 58045.1821300779473   256.85
a                407.500 58045.8354694633077   241.44
a                407.500 58046.0065976502224   206.21
a                407.500 58046.1791555894757   248.50
a                407.500 58046.8324286715061   281.11
a                407.500 58047.0037853239136   233.18
a                407.500 58047.1764011021195   236.66
a                407.500 58047.8294080525428   271.19
a                407.500 58048.0007878057687   192.14
a                407.500 58048.1734035063505   281.80
a                407.500 58048.8268386565440   312.05
a                407.500 58048.9979638085733   303.35
a                407.500 58049.1707416004367   293.49
a                407.500 58049.8237602691252   286.83
a                407.500 58049.9948620448468   279.13
a                407.500 58050.1675358821009   303.45
a                407.500 58050.8215466163256   277.50
a                407.500 58050.9923621507246   242.94
a                407.500 58051.1650360212555   253.71
a                407.500 58051.8189194120081   289.08
a                407.500 58051.9899664644617   458.46
a                407.500 58052.1625938861963   310.09
a                407.500 58052.8162112788751   251.74
a                407.500 58052.9871771053149   272.96
a                407.500 58053.1600476395264   326.73
a                407.500 58053.8133091976496   223.22
a                407.500 58053.9843532698172   327.92
a                407.500 58054.1569228848648   311.43
a                407.500 58054.8103463924417   316.37
a                407.500 58054.9813440829046   334.50
a                407.500 58055.1538672618566   350.09
a                407.500 58055.8077161387605   333.67
a                407.500 58055.9789600406800   271.23
a                407.500 58056.1514021783383   268.93
a                407.500 58056.8045593586912   291.81
a                407.500 58056.9758467562041   294.01
a                407.500 58057.1484047769832   271.92
a                407.500 58057.8015158170868   312.65
a                407.500 58057.9728375539865   310.35
a                407.500 58058.1453374160440   283.61
a                407.500 58058.7985876271442   310.06
a                407.500 58058.9698052689799   348.01
a                407.500 58059.1423631843780   337.31
a                407.500 58059.7957058591957   269.41
a                407.500 58059.9668688773506   314.86
a                407.500 58060.1395888227811   330.30
a                407.500 58060.8003439614790   309.46
a                407.500 58060.9714870379110   323.75
a                407.500 58062.7943456298921   328.14
a                407.500 58062.9666369352377   333.08
a                407.500 58063.1390446575311   368.94
a                407.500 58063.7851848644643   325.11
a                407.500 58063.9561281620327   283.89
a                407.500 58064.1285701485486   342.44
a                407.500 58064.7891983304411   329.20
a                407.500 58064.9607346247634   344.63
a                407.500 58065.1331305988625   369.08
a                407.500 58065.7793748657729   442.50
a                407.500 58065.9503758797469   366.97
a                407.500 58066.1228528396412   495.16
a                407.500 58066.7842908284425   329.18
a                407.500 58066.9558391541783   342.64
a                407.500 58067.1284664034797   388.00
a                407.500 58067.7752285760896   343.80
a                407.500 58067.9462441696825   338.04
a                407.500 58068.1187212650715   471.25
a                407.500 58068.7719679363780   291.24
a                407.500 58068.9431888263200   364.33
a                407.500 58069.1156888778610   383.64
a                407.500 58069.7688312970370   639.45
a                407.500 58069.9402606969297   442.48
a                407.500 58070.1127375980301   733.11
a                407.500 58070.7661115332586   349.99
a                407.500 58070.9370895429740   333.26
a                407.500 58071.1095548135018   528.18
a                407.500 58071.7701711508793   352.01
a                407.500 58071.9417307629004   388.48
a                407.500 58072.1143813520379   355.87
a                407.500 58072.7642132783590   380.11
a                407.500 58072.9383049050555   380.82
a                407.500 58073.1107819679581   435.22
a                407.500 58073.7647316382720   353.82
a                407.500 58073.9359902828743   491.99
a                407.500 58074.1084788307433   321.82
a                407.500 58074.7617140005023   548.59
a                407.500 58074.9329698081720   665.12
a                407.500 58075.1054486231638  1214.16
a                407.500 58075.7592123799882  1565.73
a                407.500 58075.9309328155305   495.00
a                407.500 58076.1034100742374  1004.99
a                407.500 58076.7494109708139  1391.09
a                407.500 58076.9204352167629   605.58
a                407.500 58077.0928428288149  1526.82
a                407.500 58077.7533280887837  1785.21
a                407.500 58077.9245441033915   452.87
a                407.500 58078.0969756067179  2930.36
a                407.500 58078.7498741989018   547.44
a                407.500 58078.9213034610001   476.57
a                407.500 58079.0939771745798   488.71
a                407.500 58079.7475217392024   686.99
a                407.500 58079.9185727862324  2117.80
a                407.500 58080.0910811192716  1149.40
a                407.500 58080.7443211313288   638.71
a                407.500 58080.9160952989744   447.82
a                407.500 58081.0886533738984   461.14
a                407.500 58081.7420618820696   676.48
a                407.500 58081.9129704623102   378.71
a                407.500 58082.0854821421650   472.08
a                407.500 58082.7387750866892   758.29
a                407.500 58082.9102159885278   530.21
a                407.500 58083.0827623410624   770.61
a                407.500 58083.7368509524565   669.67
a                407.500 58083.9075980420513  1149.21
a                407.500 58084.0802278066745   487.57
a                407.500 58084.7339806569317   536.14
a                407.500 58084.9049963610227  1210.98
a                407.500 58085.0774732387230   458.40
a                407.500 58085.7314227857576   611.95
a                407.500 58085.9024156356407   548.89
a                407.500 58086.0748841193767   880.68
a                407.500 58086.7288882804691   689.83
a                407.500 58086.8996957294588   598.11
a                407.500 58087.0722190287248   466.12
a                407.500 58087.7262379141506   786.39
a                407.500 58087.8973579053280   377.94
a                407.500 58088.0699389191763   520.06
a                407.500 58088.7237498455317   775.14
a                407.500 58088.8945803449633   791.29
a                407.500 58089.0671380880374   485.62
a                407.500 58089.7206478604841  2453.46
a                407.500 58089.8915942197626   681.23
a                407.500 58090.0641406014321   688.67
a                407.500 58090.7177892288624   484.26
a                407.500 58090.8894069591666   896.81
a                407.500 58091.0619996108688   589.56
a                407.500 58091.7155787108695   669.07
a                407.500 58091.8865481260602   678.30
a                407.500 58092.0590482225229   682.66
a                407.500 58092.7128473066321  1097.11
a                407.500 58092.8841640252838   842.33
a                407.500 58093.0567219795492   965.64
a                407.500 58093.7036458838054   695.71
a                407.500 58093.8745230050024   517.13
a                407.500 58094.0471272961367   723.99
a                407.500 58094.7012965702639   924.67
a                407.500 58094.8723009076043   510.20
a                407.500 58095.0447893984572   477.63
a                407.500 58095.6986115998303   766.97
a                407.500 58095.8699630421642   391.08
a                407.500 58096.0424632034815   470.01
a                407.500 58096.6956055249426   564.37
a                407.500 58096.8670236142774   415.85
a                407.500 58097.0395233768344   505.44
a                407.500 58097.6935304510235  1278.98
a                407.500 58097.8651023484773   515.92
a                407.500 58098.0378105638274   821.58
a                407.500 58098.6923420011386   596.51
a                407.500 58098.8634607788950  2367.13
a                407.500 58099.0359332244157  1816.90
a                407.500 58099.6901777279653   624.61
a                407.500 58099.8611903625713   411.84
a                407.500 58102.9656007309706   750.41
a                407.500 58103.6848116511434  1342.96
a                407.500 58103.8569314183336   455.40
a                407.500 58104.0293849980976   460.38
a                407.500 58104.6784679865106   621.00
a                407.500 58104.8530428746188   450.01
a                407.500 58105.0256816355518   459.99
a                407.500 58105.6714166658911   539.68
a                407.500 58105.8425566243934   648.13
a                407.500 58106.0151030478184   494.81
a                407.500 58106.6679328412176   363.96
a                407.500 58106.8393970364051   406.35
a                407.500 58107.0119667586621   718.92
a                407.500 58107.6651900029550   616.69
a                407.500 58107.8359828096172   458.47
a                407.500 58108.0085300560531  1098.37
a                407.500 58108.6689402456691   427.33
a                407.500 58108.8403464032528   743.52
a                407.500 58109.0128349762872   356.62
a                407.500 58109.6659888432890   569.56
a                407.500 58109.8369089582723   421.72
a                407.500 58110.0093511812378   830.95
a                407.500 58110.6626092055030   920.07
a                407.500 58110.8335182235144   503.06
a                407.500 58111.0061105184596   492.06
a                407.500 58111.6633763711532   616.23
a                407.500 58111.8373491167680   473.17
a                407.500 58112.0098260966357   519.64
a                407.500 58112.6570311591250   326.78
a                407.500 58112.8281825013925   496.74
a                407.500 58113.0006710061172   405.07
a                407.500 58113.6536976795858   416.15
a                407.500 58113.8248377218693   541.96
a                407.500 58113.9973030286539   472.90
a                407.500 58114.6511632805537   563.86
a                407.500 58114.8225808441775   378.15
a                407.500 58114.9951271593801   710.75
a                407.500 58115.6521386260724   439.96
a                407.500 58115.8260880194181   669.43
a                407.500 58115.9986227818543   443.80
a                407.500 58116.6453186129399   511.66
a                407.500 58116.8169098767581   405.15
a                407.500 58116.9895950682749   578.53
a                407.500 58117.6422976109315   441.44
a                407.500 58117.8136807545345   535.74
a                407.500 58117.9863081110718   712.60
a                407.500 58118.6425702215998   628.04
a                407.500 58125.7642747565476   867.87
a                407.500 58127.6145933066950   442.69
a                407.500 58127.7855802877261   423.32
a                407.500 58127.9580181771786  4564.40
a                407.500 58128.6111442692463   253.81
a                407.500 58128.7823738386770   408.82
a                407.500 58128.9548981757345  1102.30
a                407.500 58129.6084332766236   262.95
a                407.500 58129.7791911272719   528.61
a                407.500 58129.9516332853490   562.37
a                407.500 58130.6053891841400   439.43
a                407.500 58130.7761356635841   454.21
a                407.500 58130.9487746135563   473.85
a                407.500 58131.6018969835650   241.94
a                407.500 58131.7729529106870   320.21
a                407.500 58131.9455106753750   674.48
a                407.500 58132.6018535965396   282.21
a                407.500 58132.7765640338319   315.87
a                407.500 58132.9490988513407   457.11
a                407.500 58133.5962345616517   369.19
a                407.500 58133.7671693960419   413.36
a                407.500 58133.9396115350180   319.92
a                407.500 58134.5935839797825   263.44
a                407.500 58134.7647041198822   331.79
a                407.500 58134.9372158279891   404.34
a                407.500 58135.5912230875277   299.10
a                407.500 58135.7625398141944   484.84
a                407.500 58135.9350629882560   382.17
a                407.500 58136.5883672971302   326.42
a                407.500 58136.7592914162437  1132.13
a                407.500 58136.9318571661159   342.44
a                407.500 58137.5851844392813   292.45
a                407.500 58137.7566370890238   293.11
a                407.500 58137.9292761620094   406.76
a                407.500 58138.5820134706546   294.00
a                407.500 58138.7534891411065   495.24
a                407.500 58138.9260355378591   489.78
a                407.500 58139.5796639070544   398.93
a                407.500 58139.7511396202210   363.58
a                407.500 58139.9237322188231   670.93
a                407.500 58140.5759774248625   258.00
a                407.500 58140.7481303998628   293.76
a                407.500 58140.9207232645596   540.20
a                407.500 58141.5744527086953   519.54
a                407.500 58141.7455263693315   409.05
a                407.500 58141.9181885057278   414.67
a                407.500 58142.5748403716332   332.24
a                407.500 58142.7490912171835   323.89
a                407.500 58142.9216840492139   373.81
a                407.500 58143.5693919567984   269.86
a                407.500 58143.7412556716247   287.75
a                407.500 58143.9139524283213   356.15
a                407.500 58144.5710647154777   361.01
a                407.500 58144.7452486571483   362.86
a                407.500 58144.9177835201399   420.06
a                407.500 58145.5636805826481   270.97
a                407.500 58145.7350752190013   374.63
a                407.500 58145.9077721136303   458.53
a                407.500 58146.5618718871320   277.47
a                407.500 58146.7328414650055   297.12
a                407.500 58146.9054572561393   301.33
a                407.500 58147.5589351062583   285.00
a                407.500 58147.7304457505468   276.89
a                407.500 58147.9029805557741   315.69
a                407.500 58148.5566637214120   295.39
a                407.500 58148.7283508572327   374.95
a                407.500 58148.9009319911859   266.42
a                407.500 58149.5541783960165   254.76
a                407.500 58149.7253299819214   316.45
a                407.500 58149.8978650447305   295.09
a                407.500 58150.5519994440064   293.77
a                407.500 58150.7230733529849   281.13
a                407.500 58150.8956195047802   355.68
a                407.500 58151.5496267834508   341.91
a                407.500 58151.7206888990040   340.08
a                407.500 58151.8932584568294   314.35
a                407.500 58152.5464817224172   382.58
a                407.500 58152.7177607504897   384.79
a                407.500 58152.8903882705039   321.88
a                407.500 58153.5438777054800   285.49
a                407.500 58153.7148557022986   345.65
a                407.500 58153.8874484452831   343.27
a                407.500 58154.5438458592311   270.38
a                407.500 58154.7186173101153   391.71
a                407.500 58154.8911405918586   368.36
a                407.500 58155.5374540393467   398.18
a                407.500 58155.7089644820096   373.61
a                407.500 58155.8814878289887   330.85
a                407.500 58156.5375495796294   273.64
a                407.500 58156.7120548750084   429.62
a                407.500 58156.8846938802182   329.00
a                407.500 58157.5306138650935   300.60
a                407.500 58157.7019391811807   288.55
a                407.500 58157.8746823606817   302.76
a                407.500 58158.5285392211897   308.33
a                407.500 58158.6994392337721   427.67
a                407.500 58158.8721939195752   330.11
a                407.500 58159.5254750602093   340.30
a                407.500 58159.6970318825788   422.57
a                407.500 58159.8697748940281   322.69
a                407.500 58160.5228593273384   330.77
a                407.500 58160.6943468061818   368.10
a                407.500 58160.8669973347231   270.32
a                407.500 58161.5210162480859   374.32
a                407.500 58161.6924138652799   260.42
a                407.500 58161.8650876038306   327.44
a                407.500 58162.5188403759808   339.41
a                407.500 58162.6899622082694  2542.28
a                407.500 58162.8629019737545   344.77
a                407.500 58163.5166411833656   390.46
a                407.500 58163.6876917126548   355.29
a                407.500 58163.8602959083201   330.10
a                407.500 58164.5141180427923   263.79
a                407.500 58164.6857822394369   373.88
a                407.500 58168.5756200527223   427.06
a                407.500 58168.7485483903437   519.60
a                407.500 58168.9210598778788   419.96
a                407.500 58169.4989038743988   501.78
a                407.500 58169.6723224269924   607.59
a                407.500 58169.8449023162805   378.21
a                407.500 58170.4985769512741  1241.46
a                407.500 58170.6694500295018  1384.42
a                407.500 58170.8421014569821   410.70
a                407.500 58171.4957961534862   533.07
a                407.500 58171.6674600611631   651.30
a                407.500 58171.8400991676308   527.00
a                407.500 58172.4937460837677  1917.68
a                407.500 58172.6648213551402   683.17
a                407.500 58172.8374486610415   434.17
a                407.500 58173.4894548884673  1911.65
a                407.500 58173.7750530166726   458.77
a                407.500 58174.4863692961681   468.84
a                407.500 58174.7719491451000   981.27
a                407.500 58175.4829463303979  1575.65
a                407.500 58175.7844973422542   390.05
a                407.500 58176.4815690098649   694.74
a                407.500 58176.7833653418237  1795.03
a                407.500 58177.4806198767900   708.22
a                407.500 58177.7805969977260   765.85
a                407.500 58178.4731663105746  1171.77
a                407.500 58178.7721596310616   513.68
a                407.500 58179.4755277790087   385.53
a                407.500 58179.6479926226113   542.67
a                407.500 58179.8204811100536   624.65
a                407.500 58180.4673724865617   922.45
a                407.500 58180.6381757201060  1475.27
a                407.500 58180.8107009294188   372.03
a                407.500 58181.4649280745501   651.32
a                407.500 58181.6360050222309  2642.71
a                407.500 58181.8086061326130   457.28
a                407.500 58182.4619797669784   363.14
a                407.500 58182.6328973765451  1444.05
a                407.500 58182.8055272870726   415.66
a                407.500 58183.5279346070944   294.56
a                407.500 58183.7012797370092   473.70
a                407.500 58183.8738953448089   304.08
a                407.500 58184.4562504491341   609.40
a                407.500 58184.6274021524924   545.87
a                407.500 58184.7999717690500   418.93
a                407.500 58185.4561146104385   438.32
a                407.500 58185.6305040469066   483.33
a                407.500 58185.8031082794626   390.02
a                407.500 58186.4501711392558   432.11
a                407.500 58186.6210943484111   498.50
a                407.500 58186.7937448324536   393.75
a                407.500 58187.4514354732464   223.87
a                407.500 58187.6255966215896   603.74
a                407.500 58187.7981660746692   468.90
a                407.500 58188.4479548111453   366.68
a                407.500 58188.6225667738113  1330.29
a                407.500 58188.7951567478741   399.56
a                407.500 58189.4416757221593   516.32
a                407.500 58189.6125758479501   447.17
a                407.500 58189.7851105235775   295.12
a                407.500 58190.4388946894125  1026.19
a                407.500 58190.6098326300834   544.91
a                407.500 58190.7824136677187   320.28
a                407.500 58191.4366177388212   432.44
a                407.500 58191.6075664037477  2220.97
a                407.500 58191.7801104937761   318.62
a                407.500 58192.4341408868940   714.14
a                407.500 58192.6054806224420   424.97
a                407.500 58192.7781890610586   328.54
a                407.500 58193.4352432962514   335.83
a                407.500 58193.6094273355606   426.68
a                407.500 58193.7820432837306   271.83
a                407.500 58194.4351214931275   350.81
a                407.500 58194.6054344372020   497.04
a                407.500 58194.7762446392908   295.05
a                407.500 58195.4306743265036   304.78
a                407.500 58195.6021141723378  2123.78
a                407.500 58195.7729228073050   304.11
a                407.500 58196.4276997716950   365.89
a                407.500 58196.6109231956282  1939.22
a                407.500 58196.7836983583975   460.63
a                407.500 58197.4252460049851   399.61
a                407.500 58197.5998669061576   357.97
a                407.500 58197.7725869423821   485.17
a                407.500 58198.4187384645700   682.17
a                407.500 58198.5901449300521   427.46
a                407.500 58198.7627490384275   378.34
a                407.500 58199.4160647833165   592.99
a                407.500 58199.5872513320314   378.43
a                407.500 58199.7598785583508   328.15
a                407.500 58200.4127314309230   338.35
a                407.500 58200.5843229629841   386.56
a                407.500 58200.7569733984420   256.03
a                407.500 58201.4102081581486   311.53
a                407.500 58201.5816526948912  1735.86
a                407.500 58201.7542767840267   290.20
a                407.500 58202.4083416412843   281.74
a                407.500 58202.5793112540472   325.41
a                407.500 58202.7519269927145   328.60
a                407.500 58203.4057722208879   409.43
a                407.500 58203.5768228146229   398.08
a                407.500 58203.7494153731685   287.57
a                407.500 58204.4034111524577   228.64
a                407.500 58204.5746815427542   530.91
a                407.500 58204.7473205438942   324.99
a                407.500 58205.4005436445252   337.94
a                407.500 58205.5718690164143   335.09
a                407.500 58205.7445541518671   396.95
a                407.500 58206.3980983770084   382.51
a                407.500 58206.5692662659827  1673.55
a                407.500 58206.7418804616634   296.41
a                407.500 58207.3958648386841   275.23
a                407.500 58207.5667993792053   290.61
a                407.500 58221.4470161580575   218.41
a                407.500 58221.6200953531054  1311.42
a                407.500 58221.7926051915862   180.40
a                407.500 58222.3544019941482   209.15
a                407.500 58222.5259266588484   362.62
a                407.500 58222.6984617868671   227.68
a                407.500 58223.3522057801521   333.26
a                407.500 58223.5235424314149   334.38
a                407.500 58223.6960655688401   246.96
a                407.500 58224.3495899865489   237.53
a                407.500 58224.5209845728791   568.16
a                407.500 58224.6935308107009   318.72
a                407.500 58225.3466415410272   238.10
a                407.500 58225.5181139807756   314.54
a                407.500 58225.6908109663773   331.78
a                407.500 58226.3446941658636   315.65
a                407.500 58226.5162853442252   477.55
a                407.500 58226.6888084628779   307.22
a                407.500 58227.3422515382633   437.12
a                407.500 58227.5137040651845   387.25
a                407.500 58227.6861925988539   302.31
a                407.500 58228.3398328052099   308.41
a                407.500 58228.5111809674225   515.61
a                407.500 58228.6839123397693   530.37
a                407.500 58229.3375874571330   255.57
a                407.500 58229.5088805181172  2249.42
a                407.500 58229.6817479284887   320.38
a                407.500 58230.3353185816308   269.77
a                407.500 58230.5065162849510   298.63
a                407.500 58230.6792014565684   362.08
a                407.500 58231.3330269211038   258.13
a                407.500 58231.5039699331168   439.15
a                407.500 58231.6765422524333  1546.59
a                407.500 58232.3298320447330   283.14
a                407.500 58232.5012298810076  1594.05
a                407.500 58232.6738310284584   299.21
a                407.500 58233.3275291411490   244.22
a                407.500 58233.4986226047525   357.51
a                407.500 58233.6711455717150   319.93
a                407.500 58234.3248323643890   204.42
a                407.500 58234.4964810844278   400.49
a                407.500 58234.6689697107859   319.08
a                407.500 58235.3227372540331   273.76
a                407.500 58235.4941662373916   325.80
a                407.500 58235.6667127590738   289.98
a                407.500 58236.3132925913506   310.09
a                407.500 58236.4846986622224   389.54
a                407.500 58236.6572796253083   286.63
a                407.500 58237.3110009050370   373.33
a                407.500 58237.4822101471943   368.24
a                407.500 58237.6549879171012   258.02
a                407.500 58238.3086512448601   318.87
a                407.500 58238.4798140880588   440.99
a                407.500 58238.6525340140869   361.58
a                407.500 58239.3062205292021   374.26
a                407.500 58239.4772098854064   554.73
a                407.500 58239.6498720687972   273.14
a                407.500 58240.3034774644476   463.53
a                407.500 58240.4743887126483  1069.22
a                407.500 58240.6469551670502   309.62
a                407.500 58241.3000742119476   277.30
a                407.500 58241.4714110079796   436.34
a                407.500 58241.6439805667702   331.15
a                407.500 58242.2970300745796   249.61
a                407.500 58242.4683206309418   429.35
a                407.500 58242.6408438271332   310.59
a                407.500 58243.2937892905192   284.51
a                407.500 58243.4652997065274   626.16
a                407.500 58243.6378463282566   364.26
a                407.500 58244.2915671491182   307.20
a                407.500 58244.4625103022010   304.50
a                407.500 58244.6353344012195   335.85
a                407.500 58245.2892638984714   343.24
a                407.500 58245.4603226494959   331.99
a                407.500 58245.6329615599245   347.99
a                407.500 58246.2866249697797   403.98
a                407.500 58246.4577183606166   376.71
a                407.500 58246.6302646764885   406.61
a                407.500 58247.2841247713846   295.70
a                407.500 58247.4553340785920   393.72
a                407.500 58247.6278954430421  1430.26
a                407.500 58248.2808605420562   253.47
a                407.500 58248.4522898943828   288.78
a                407.500 58248.6248941379496   234.53
a                407.500 58249.2787078865228   340.31
a                407.500 58249.4497667643369   332.07
a                407.500 58249.6223708417199   246.65
a                407.500 58250.2761235909532   234.54
a                407.500 58250.4471625177744   343.61
a                407.500 58250.6199980246532   276.64
a                407.500 58251.2737274287276   228.93
a                407.500 58251.4445839837340  1865.55
a                407.500 58251.6172432887896   270.65
a                407.500 58252.2711580981521   298.12
a                407.500 58252.4421043605857   395.38
a                407.500 58252.6150210584249   254.51
a                407.500 58253.2681632552871   257.11
a                407.500 58253.4392223191066   304.22
a                407.500 58253.6120695739921   234.60
a                407.500 58254.2658452322123   218.54
a                407.500 58254.4367684195753   322.33
a                407.500 58254.6095810818319   268.19
a                407.500 58255.2625611816891   266.27
a                407.500 58255.4339102781056  1370.94
a                407.500 58255.6066294597489   285.88
a                407.500 58256.2597716398956   283.93
a                407.500 58256.4311780299725   332.70
a                407.500 58256.6038631071116   315.55
a                407.500 58257.2569474275225   250.55
a                407.500 58257.4283756589264  3938.37
a                407.500 58257.6012473173769   341.66
a                407.500 58258.2544937429673   269.22
a                407.500 58258.4255873564123   325.63
a                407.500 58260.6368369752440   578.46
a                407.500 58261.2504911689606   301.40
a                407.500 58261.4248462110656   388.01
a                407.500 58261.5976126336464   337.13
a                407.500 58262.2439723474194   287.19
a                407.500 58262.4219641660099   360.05
a                407.500 58262.5949502607414   332.82
a                407.500 58263.2408239817862   317.78
a                407.500 58263.4118498217613  1125.14
a                407.500 58263.5846145427519   359.98
a                407.500 58264.2382168372778   299.60
a                407.500 58264.4092534248775  1476.83
a                407.500 58264.5821490775098   364.41
a                407.500 58265.2353492906545   291.31
a                407.500 58265.4063387944882   393.40
a                407.500 58265.5790124269985   378.75
a                407.500 58266.2320620735702   336.44
a                407.500 58266.4034334773261   404.61
a                407.500 58266.5761188217918   346.65
a                407.500 58267.2292232630937   350.34
a                407.500 58267.4005168294845   304.50
a                407.500 58267.5731210353860   313.94
a                407.500 58268.2263791627655   428.98
a                407.500 58268.3975074517358   301.08
a                407.500 58268.5702620873441   331.09
a                407.500 58269.2236908508671   310.00
a                407.500 58269.3947873822979   301.57
a                407.500 58269.5673917080904   275.84
a                407.500 58270.2204647629634   313.18
a                407.500 58270.3918359965091   450.32
a                407.500 58270.5646137766952   328.65
a                407.500 58271.2180307292947   326.32
a                407.500 58271.3890348874842   306.20
a                407.500 58271.5617201139472   307.43
a                407.500 58272.2153687461211   367.48
a                407.500 58272.3864537904911   404.43
a                407.500 58272.5591622020332   318.10
a                407.500 58273.2127991711562   306.41
a                407.500 58273.3836991405716   415.41
a                407.500 58273.5563842587658   483.46
a                407.500 58274.2104032280732   406.55
a                407.500 58274.3814337247567  2290.17
a                407.500 58274.5543356783132   302.51
a                407.500 58275.2072580125513   395.45
a                407.500 58275.3782358481977   343.12
a                407.500 58275.5511062527166   330.52
a                407.500 58276.2040633854446   292.23
a                407.500 58276.3754115451198   288.93
a                407.500 58276.5482820836223   273.52
a                407.500 58277.2011466410547   268.02
a                407.500 58277.3725063434015   272.15
a                407.500 58277.5453190083501   309.13
a                407.500 58278.1982182583608   379.64
a                407.500 58278.3696012088400   326.59
a                407.500 58278.5425181156027   268.10
a                407.500 58279.1959002362996   254.18
a                407.500 58279.3667423228011   328.65
a                407.500 58279.5394275218118   371.15
a                407.500 58280.1926740249009   434.78
a                407.500 58280.3640339459805   361.12
a                407.500 58280.4783411001603   709.06
