57883.601942607354    900.9    54.0    8.984    0.5385
57884.2777348409    259.9    49.37    2.835    0.5385
57884.449407734995    743.4    51.36    7.794    0.5385
57884.622382260626    745.5    54.86    7.318    0.5385
57885.27880175273    342.1    68.91    2.673    0.5385
57885.45322689984    677.9    50.95    7.165    0.5385
57885.62588897998    643.6    53.02    6.537    0.5385
57886.271623953144    596.3    52.01    6.173    0.5385
57886.442972289566    858.7    51.39    8.998    0.5385
57886.61548409969    554.0    52.04    5.733    0.5385
57887.26890097819    650.1    49.66    7.048    0.5385
57887.43975458088    708.3    50.84    7.502    0.5385
57887.61230088283    567.2    51.98    5.876    0.5385
57888.265879990766    455.9    48.5    5.062    0.5385
57888.43720828509    823.8    58.63    7.567    0.5385
57888.60993963366    791.7    50.88    8.38    0.5385
57889.26263866176    239.6    55.49    2.325    0.5385
57889.43388657139    555.0    54.04    5.53    0.5385
57889.6063978339    343.5    48.11    3.845    0.5385
57890.26008101702    467.9    47.12    5.347    0.5385
57890.43180297432    544.5    50.56    5.8    0.5385
57890.604453363136    535.0    53.59    5.376    0.5385
57891.257986051    636.6    65.02    5.272    0.5385
57891.42881669017    624.6    50.71    6.633    0.5385
57891.60159436535    536.4    55.65    5.191    0.5385
57892.2554279902    568.0    49.7    6.155    0.5385
57892.42616607758    626.6    50.6    6.669    0.5385
57892.59904790936    718.5    50.31    7.69    0.5385
57893.25268484638    708.0    57.01    6.688    0.5385
57893.42350380754    681.1    51.74    7.088    0.5385
57893.59607328791    513.3    52.26    5.29    0.5385
57894.24979127095    455.1    53.32    4.597    0.5385
57894.420714366875    672.4    56.26    6.436    0.5385
57894.593249249396    652.7    54.43    6.458    0.5385
57895.24655048671    554.9    47.66    6.269    0.5385
57895.41790211874    519.7    50.43    5.549    0.5385
57895.59043653012    673.3    55.13    6.578    0.5385
57896.2441545609    489.5    54.21    4.862    0.5385
57896.41554049259    536.7    46.54    6.209    0.5385
57896.58817948896    519.4    50.77    5.509    0.5385
57897.241758524884    552.2    50.24    5.919    0.5385
57897.41262389273    471.8    51.38    4.945    0.5385
57897.585135404    515.9    54.08    5.137    0.5385
57898.238277742785    424.2    51.27    4.456    0.5385
57898.40951038561    423.7    54.54    4.183    0.5385
57898.58196422539    344.9    49.82    3.727    0.5385
57899.24208248975    372.9    48.2    4.166    0.5385
57899.41386194879    413.0    52.55    4.232    0.5385
57899.5861381523    260.6    54.59    2.571    0.5385
57900.23976581766    251.1    58.22    2.322    0.5385
57900.41138494319    574.9    53.31    5.807    0.5385
57900.58380403999    404.1    53.1    4.098    0.5385
57901.23093629838    568.2    57.06    5.362    0.5385
57901.4017205452    708.4    51.63    7.39    0.5385
57901.574220509945    586.0    50.73    6.22    0.5385
57902.2281120734    464.4    50.89    4.914    0.5385
57902.39891942872    652.4    49.47    7.102    0.5385
57902.57161632021    458.1    52.32    4.715    0.5385
57903.225056901596    380.2    48.82    4.193    0.5385
57903.396129966    590.6    57.21    5.558    0.5385
57903.56863005001    541.5    57.54    5.068    0.5385
57904.22245217096    603.5    57.54    5.648    0.5385
57904.39406966604    722.8    60.53    6.43    0.5385
57904.56663941083    558.6    54.57    5.512    0.5385
57905.21950380173    551.6    50.98    5.827    0.5385
57905.39094479367    690.8    55.25    6.733    0.5385
57905.56353582645    212.6    62.64    1.828    0.5385
57906.216815387816    509.0    51.03    5.372    0.5385
57906.388189831545    559.7    50.75    5.939    0.5385
57906.56095644354    466.3    56.93    4.41    0.5385
57907.21489401751    475.7    46.43    5.518    0.5385
57907.385712946445    569.0    52.8    5.803    0.5385
57907.5585716816    409.2    57.84    3.81    0.5385
57908.21182987258    520.4    51.86    5.404    0.5385
57908.38297002364    596.6    51.26    6.267    0.5385
57908.555724515456    725.3    49.69    7.861    0.5385
57909.20869306128    494.8    46.05    5.786    0.5385
57909.38014553483    625.5    52.65    6.398    0.5385
57909.55284244592    378.2    58.08    3.507    0.5385
57910.20593843673    572.8    47.08    6.552    0.5385
57910.37726360451    871.0    58.03    8.082    0.5385
57910.549994982364    703.8    55.47    6.832    0.5385
57911.20304483143    615.0    52.24    6.339    0.5385
57911.3743352863    512.1    48.52    5.683    0.5385
57911.547089785585    533.6    53.13    5.408    0.5385
57912.20080772163    621.7    50.61    6.614    0.5385
57912.37174248764    787.4    57.33    7.397    0.5385
57912.54456653127    661.8    61.56    5.789    0.5385
57913.19717649256    456.7    43.95    5.595    0.5385
57913.36853625343    531.4    55.27    5.177    0.5385
57913.541290980764    630.5    54.3    6.253    0.5385
57914.19488159473    545.6    46.01    6.385    0.5385
57914.36568916604    551.5    53.13    5.59    0.5385
57914.53840895816    469.7    51.76    4.886    0.5385
57915.19186382098    513.7    47.69    5.801    0.5385
57915.36336248195    587.6    56.03    5.647    0.5385
57915.536128672575    608.2    55.59    5.892    0.5385
57916.18916716886    585.2    45.15    6.98    0.5385
57916.36053834178    623.6    52.12    6.443    0.5385
57916.53308486163    412.5    50.75    4.377    0.5385
57917.18667553537    473.3    45.75    5.571    0.5385
57917.35771419353    596.9    54.21    5.929    0.5385
57917.530353122456    386.5    50.56    4.117    0.5385
57918.18389749539    571.3    45.93    6.697    0.5385
57918.35468179863    685.3    54.55    6.766    0.5385
57918.52728618909    658.2    50.26    7.052    0.5385
57919.181640518844    478.0    50.52    5.095    0.5385
57919.35230895228    658.1    50.97    6.952    0.5385
57919.52504048961    437.0    55.54    4.237    0.5385
57920.17902465711    425.5    46.05    4.976    0.5385
57920.34972783419    475.8    55.08    4.652    0.5385
57920.52225095843    472.3    53.8    4.727    0.5385
57921.17592265452    316.4    47.54    3.584    0.5385
57927.46292838337    298.3    52.95    3.034    0.5385
57928.162223863896    792.8    52.86    8.076    0.5385
57928.335823188114    445.7    54.2    4.429    0.5385
57928.50841574404    765.7    53.64    7.687    0.5385
57929.15460539366    907.7    53.64    9.113    0.5385
57929.32592713792    493.4    53.16    4.999    0.5385
57929.49853123768    773.4    50.47    8.251    0.5385
57930.151734833686    692.1    55.11    6.763    0.5385
57930.32306848636    583.7    47.84    6.571    0.5385
57930.49575345118    557.9    47.28    6.354    0.5385
57931.149177013445    628.6    48.35    7.001    0.5385
57931.320116782    696.7    51.54    7.279    0.5385
57931.49272105131    497.0    60.02    4.459    0.5385
57932.14584054179    704.8    50.26    7.552    0.5385
57932.31711904191    745.0    49.01    8.186    0.5385
57932.48982743051    665.4    49.73    7.205    0.5385
57933.143201500105    683.9    50.39    7.309    0.5385
57933.31467681933    570.0    53.29    5.759    0.5385
57933.48723478826    541.9    67.34    4.333    0.5385
57934.14040045565    536.3    51.11    5.651    0.5385
57934.311517100716    594.3    48.3    6.626    0.5385
57934.48412122481    393.7    48.46    4.375    0.5385
57935.13734792003    632.0    44.7    7.614    0.5385
57935.30704929845    526.7    53.32    5.32    0.5385
57935.477836254526    723.1    55.75    6.984    0.5385
57936.13958412224    798.1    48.91    8.788    0.5385
57936.3119914442    812.4    57.95    7.549    0.5385
57936.482986708914    629.3    50.09    6.767    0.5385
57937.13701462336    738.6    47.58    8.359    0.5385
57937.30908628882    684.3    55.32    6.661    0.5385
57937.479977365736    506.2    46.29    5.889    0.5385
57938.13435256032    1068.0    47.3    12.16    0.5385
57938.30653964691    925.2    52.24    9.538    0.5385
57938.47758153875    579.3    54.07    5.769    0.5385
57939.127926255045    889.8    49.29    9.72    0.5385
57939.29697973627    923.2    53.03    9.374    0.5385
57939.467893940404    562.8    43.76    6.925    0.5385
57940.12928271387    654.5    49.03    7.189    0.5385
57940.499480896775    654.4    64.22    5.487    0.5385
57941.12618062031    610.4    50.91    6.457    0.5385
57941.29770819749    722.0    58.06    6.697    0.5385
57941.468588024996    526.6    52.0    5.453    0.5385
57942.124074184525    905.6    48.64    10.03    0.5385
57942.29745365807    703.9    45.04    8.415    0.5385
57942.470069606155    744.0    47.46    8.441    0.5385
57943.11625583938    853.2    50.45    9.107    0.5385
57943.28737241498    687.0    56.34    6.566    0.5385
57943.460000601845    773.6    53.06    7.852    0.5385
57944.11354762637    760.9    47.29    8.663    0.5385
57944.284177986774    751.8    52.49    7.712    0.5385
57944.45668957665    641.3    52.41    6.589    0.5385
57945.11008695368    654.1    44.3    7.951    0.5385
57945.281423363704    750.9    47.31    8.548    0.5385
57945.45396959231    475.7    45.35    5.648    0.5385
57946.10798893763    612.9    49.01    6.735    0.5385
57946.27924718469    593.9    50.25    6.365    0.5385
57946.451932932876    681.4    55.06    6.664    0.5385
57947.1057233556    760.7    48.89    8.38    0.5385
57947.27657368509    891.2    56.52    8.491    0.5385
57947.4491547387    591.8    45.43    7.015    0.5385
57948.10337378657    755.0    49.44    8.223    0.5385
57948.27402707794    846.6    51.04    8.931    0.5385
57948.446527326305    583.4    44.67    7.033    0.5385
57949.10005178314    756.8    51.6    7.898    0.5385
57949.27113379498    999.9    45.86    11.74    0.5385
57949.44366835278    678.3    43.63    8.373    0.5385
57950.09672982768    835.4    49.38    9.111    0.5385
57950.267962187754    780.6    45.85    9.169    0.5385
57950.44050854795    774.4    50.82    8.205    0.5385
57951.094253135154    826.5    47.53    9.365    0.5385
57951.2657285856    840.5    53.51    8.458    0.5385
57951.438402104905    748.4    49.34    8.167    0.5385
57952.09205376014    895.8    48.66    9.913    0.5385
57952.26322829537    877.5    58.39    8.093    0.5385
57952.43600613356    712.3    52.26    7.339    0.5385
57953.08918359273    840.2    47.71    9.484    0.5385
57953.26034629894    932.9    53.63    9.368    0.5385
57953.43285790893    747.9    51.75    7.782    0.5385
57954.0871233342    945.1    44.51    11.43    0.5385
57954.25776531872    911.5    51.94    9.45    0.5385
57954.43032310692    592.8    57.02    5.599    0.5385
57955.08427612347    803.7    45.34    9.546    0.5385
57955.25542723579    1287.0    58.1    11.92    0.5385
57955.42801972995    528.3    60.41    4.709    0.5385
57956.081162206334    791.4    45.64    9.338    0.5385
57956.25202428848    880.7    56.42    8.406    0.5385
57956.42459388099    726.4    54.6    7.165    0.5385
57957.077921584874    872.6    47.28    9.939    0.5385
57957.248876091406    965.4    60.97    8.526    0.5385
57957.42145718223    680.8    60.3    6.08    0.5385
57958.07479638206    938.3    51.92    9.731    0.5385
57958.24608695686    875.1    47.1    10.01    0.5385
57958.41861045381    667.8    61.98    5.801    0.5385
57959.07250180332    820.9    51.53    8.577    0.5385
57959.243922211535    753.1    58.14    6.975    0.5385
57959.41654959469    506.2    55.36    4.924    0.5385
57960.07001625549    741.7    49.84    8.015    0.5385
57960.24117926795    970.5    56.9    9.184    0.5385
57960.413713868526    640.5    55.77    6.184    0.5385
57961.06757428309    808.5    50.45    8.63    0.5385
57961.2387139932    676.5    56.25    6.476    0.5385
57961.411213942396    583.9    55.53    5.663    0.5385
57962.06507420378    898.6    49.73    9.731    0.5385
57962.2360366703    321.6    70.77    2.447    0.5385
57962.408609674356    475.5    52.69    4.86    0.5385
57963.06249307982    533.5    51.7    5.557    0.5385
57963.23322751333    607.0    61.44    5.32    0.5385
57963.40576229198    709.9    68.89    5.549    0.5385
57964.05935652073    591.7    47.96    6.645    0.5385
57964.229986943705    607.5    56.42    5.799    0.5385
57964.40254479622    815.2    69.86    6.283    0.5385
57965.05628938762    698.1    48.21    7.798    0.5385
57965.2275562001    806.5    63.31    6.86    0.5385
57965.40013721995    617.8    56.64    5.873    0.5385
57966.05398600909    673.7    48.12    7.539    0.5385
57966.224986878624    725.8    53.22    7.345    0.5385
57966.39752004363    332.1    71.97    2.485    0.5385
57967.05113867257    824.6    50.92    8.721    0.5385
57967.222093178156    865.1    58.1    8.018    0.5385
57967.3946279985    781.4    53.57    7.856    0.5385
57968.04818736302    680.2    49.71    7.368    0.5385
57968.21929247428    998.3    56.9    9.448    0.5385
57968.39181548165    731.6    54.77    7.193    0.5385
57969.04581458586    704.9    55.93    6.787    0.5385
57969.21678047415    937.9    47.65    10.6    0.5385
57969.38939637555    739.2    61.49    6.474    0.5385
57970.04307151193    678.1    56.06    6.513    0.5385
57970.214419455646    900.1    57.83    8.382    0.5385
57970.3871045999    703.5    54.2    6.99    0.5385
57971.041022824735    618.6    50.28    6.625    0.5385
57971.21188466583    776.0    57.43    7.276    0.5385
57971.384662486504    672.7    51.67    7.01    0.5385
57972.03786316866    809.0    54.05    8.06    0.5385
57972.20886383588    545.8    53.88    5.454    0.5385
57972.38149107643    784.7    55.17    7.66    0.5385
57973.03458734346    862.3    54.76    8.479    0.5385
57973.20593566072    782.9    51.96    8.114    0.5385
57973.37859799024    787.3    58.57    7.239    0.5385
57974.032156973546    832.1    53.23    8.417    0.5385
57974.2032502925    892.8    55.22    8.707    0.5385
57974.3759355746    542.3    55.18    5.293    0.5385
57975.02989999564    856.4    57.68    7.996    0.5385
57975.20086609854    909.3    57.52    8.513    0.5385
57975.373481938506    704.4    54.29    6.987    0.5385
57976.02720324391    815.6    53.24    8.25    0.5385
57976.19847012243    764.0    53.22    7.732    0.5385
57976.371097516654    572.7    54.19    5.691    0.5385
57977.0244368522    808.9    51.21    8.506    0.5385
57977.1951830965    970.2    68.17    7.664    0.5385
57977.367636809264    703.6    53.46    7.087    0.5385
57978.02166737849    787.6    51.6    8.22    0.5385
57980.022010040215    752.6    57.58    7.039    0.5385
57980.19498665007    786.3    57.41    7.376    0.5385
57980.36745128051    633.2    46.89    7.273    0.5385
57981.01370753474    736.8    51.42    7.716    0.5385
57981.18492816031    594.8    49.11    6.522    0.5385
57981.35750929625    584.4    55.75    5.645    0.5385
57982.01040868799    783.0    55.72    7.567    0.5385
57982.18108555847    552.9    49.1    6.064    0.5385
57982.35343521603    652.8    52.53    6.693    0.5385
57983.00741960878    776.9    50.73    8.247    0.5385
57983.1785278819    771.8    56.06    7.414    0.5385
57983.350888939785    577.3    56.63    5.49    0.5385
57984.00496577159    788.7    54.44    7.801    0.5385
57984.17592358284    740.5    55.64    7.166    0.5385
57984.348469900586    728.2    59.64    6.575    0.5385
57985.002396392985    810.2    48.39    9.017    0.5385
57985.17340041548    809.5    53.08    8.212    0.5385
57985.34591206309    846.8    49.84    9.15    0.5385
57985.99989645524    854.2    54.48    8.444    0.5385
57986.17062270858    865.1    53.63    8.686    0.5385
57986.34316904184    794.3    62.28    6.868    0.5385
57986.99651980634    673.0    52.01    6.969    0.5385
57987.16771748928    631.2    53.16    6.394    0.5385
57987.340217522265    957.6    55.37    9.314    0.5385
57987.99765680993    919.4    54.18    9.138    0.5385
57988.17151387822    888.2    58.84    8.129    0.5385
57988.343909700816    728.8    54.64    7.183    0.5385
57988.99059083877    746.4    51.87    7.749    0.5385
57989.16215039116    864.1    54.39    8.554    0.5385
57989.33458104953    679.6    52.41    6.983    0.5385
57989.98866945956    709.3    53.3    7.165    0.5385
57990.15973144854    732.8    50.32    7.842    0.5385
57990.3322317469    671.7    53.24    6.794    0.5385
57990.98507305851    802.5    50.92    8.486    0.5385
57991.15632856743    838.6    55.17    8.186    0.5385
57991.32887508255    592.0    59.04    5.4    0.5385
57991.98234156449    790.0    52.13    8.162    0.5385
57992.15358564696    829.6    55.71    8.02    0.5385
57992.32610876858    685.9    55.13    6.7    0.5385
57992.979714271314    763.0    51.43    7.989    0.5385
57993.15074993006    945.8    55.26    9.217    0.5385
57993.3232499714    656.5    52.66    6.713    0.5385
57993.97696813502    942.5    57.28    8.86    0.5385
57994.14838881336    721.6    53.37    7.281    0.5385
57994.32116670747    539.0    53.81    5.394    0.5385
57994.975023670886    561.4    52.62    5.746    0.5385
57995.14595827229    689.3    62.06    5.981    0.5385
57995.31858553171    534.5    63.76    4.514    0.5385
57995.97177455972    661.3    52.02    6.845    0.5385
57996.14311103984    722.7    95.25    4.086    0.5385
57996.31578482637    454.5    60.28    4.06    0.5385
57996.96982706911    691.9    52.54    7.091    0.5385
57997.140865792644    772.1    54.75    7.594    0.5385
57997.31348142615    512.5    57.58    4.793    0.5385
57997.96766266646    736.2    54.49    7.276    0.5385
57998.13831940256    671.5    55.4    6.526    0.5385
57998.31105102737    643.4    59.36    5.837    0.5385
57998.96448296208    664.2    53.71    6.659    0.5385
57999.135715268385    566.2    53.79    5.669    0.5385
57999.30848164007    532.1    57.12    5.017    0.5385
57999.96112647661    729.3    55.35    7.095    0.5385
58000.13249767219    863.9    54.11    8.598    0.5385
58000.304997733336    487.8    53.84    4.878    0.5385
58000.95810554288    769.6    54.14    7.655    0.5385
58001.12930317031    665.3    53.31    6.72    0.5385
58001.301861079926    707.5    52.83    7.212    0.5385
58001.95593825312    704.6    54.12    7.012    0.5385
58002.127104217405    559.2    49.88    6.038    0.5385
58002.299847317605    624.4    51.02    6.59    0.5385
58002.95348442482    616.1    49.19    6.745    0.5385
58003.12434950525    732.7    51.69    7.633    0.5385
58003.29700005818    569.2    53.41    5.738    0.5385
58003.94986503479    685.4    50.91    7.249    0.5385
58004.12109725548    537.1    55.88    5.176    0.5385
58004.29372459037    477.7    53.27    4.829    0.5385
58004.9474775035    651.4    55.08    6.369    0.5385
58005.11845848718    511.7    53.21    5.179    0.5385
58005.29108587743    414.6    56.2    3.973    0.5385
58005.94530165328    496.5    52.71    5.072    0.5385
58006.11612053207    703.9    53.74    7.054    0.5385
58006.28875952231    643.1    53.16    6.515    0.5385
58006.941728356396    689.2    54.16    6.853    0.5385
58007.113122870425    712.1    53.48    7.17    0.5385
58007.28563453707    565.4    54.21    5.617    0.5385
58007.939792584744    826.0    49.54    8.979    0.5385
58008.110669158385    817.5    55.73    7.899    0.5385
58008.283099681365    801.3    51.78    8.333    0.5385
58008.93710732752    860.4    54.44    8.511    0.5385
58009.10823872635    939.5    53.17    9.514    0.5385
58009.280900668615    734.1    57.27    6.903    0.5385
58009.93461902136    864.7    55.56    8.381    0.5385
58010.10553026676    898.5    52.4    9.234    0.5385
58010.27828503655    734.6    54.84    7.214    0.5385
58010.93230411272    960.4    51.48    10.05    0.5385
58011.1031114136    840.4    53.35    8.482    0.5385
58011.27585464588    673.4    55.61    6.52    0.5385
58011.929112764214    790.2    54.22    7.847    0.5385
58012.10040315245    817.6    52.39    8.404    0.5385
58012.273088408    604.3    56.11    5.8    0.5385
58012.92627737764    860.2    51.4    9.011    0.5385
58013.09760233295    782.3    55.56    7.582    0.5385
58013.27029904467    619.9    51.54    6.476    0.5385
58013.923661483415    832.8    54.29    8.261    0.5385
58014.09458135648    728.9    49.53    7.925    0.5385
58014.26722033283    534.0    54.48    5.278    0.5385
58014.92066387881    861.0    51.47    9.009    0.5385
58015.09193098335    865.1    52.26    8.914    0.5385
58015.2644889427    518.9    49.26    5.672    0.5385
58015.91775876342    852.4    52.18    8.798    0.5385
58016.089141620236    802.7    55.36    7.808    0.5385
58016.26167645059    598.7    50.4    6.397    0.5385
58016.91478432624    871.8    52.87    8.88    0.5385
58017.086051302365    863.5    53.27    8.729    0.5385
58023.97616754768    1180.0    55.53    11.44    0.5385
58024.1488986745    839.8    49.45    9.145    0.5385
58024.32133001693    901.1    58.09    8.354    0.5385
58024.8988988548    867.1    51.92    8.993    0.5385
58025.07137574675    1068.0    56.16    10.24    0.5385
58025.24388750437    572.0    49.15    6.267    0.5385
58025.8909538664    825.1    52.2    8.512    0.5385
58026.06197768141    708.1    54.03    7.058    0.5385
58026.2344894284    695.5    53.84    6.957    0.5385
58026.88819918534    817.7    51.01    8.633    0.5385
58027.05929287407    817.6    55.4    7.947    0.5385
58027.23207054399    757.6    54.76    7.45    0.5385
58027.88521308603    829.0    52.14    8.562    0.5385
58028.0562486995    777.6    51.97    8.057    0.5385
58028.228841377546    767.8    56.06    7.375    0.5385
58028.88297953234    799.0    48.75    8.827    0.5385
58029.053737266215    692.4    55.15    6.761    0.5385
58029.22638799153    595.4    56.69    5.656    0.5385
58029.88013260257    968.5    52.44    9.946    0.5385
58030.051492049475    876.2    53.16    8.876    0.5385
58030.224061524415    735.6    52.56    7.537    0.5385
58030.87760954583    1209.0    52.92    12.3    0.5385
58031.048367059375    976.0    53.57    9.812    0.5385
58031.22105231947    719.1    55.59    6.966    0.5385
58031.875074718766    777.0    51.7    8.093    0.5385
58032.046156554265    822.9    49.66    8.922    0.5385
58032.21880692194    748.2    48.08    8.379    0.5385
58032.87244769089    696.3    50.85    7.375    0.5385
58033.043112645224    706.0    51.83    7.335    0.5385
58033.215554848946    760.9    55.9    7.33    0.5385
58033.869484931514    891.9    49.27    9.748    0.5385
58034.04021934648    1008.0    52.49    10.34    0.5385
58034.21288124108    820.2    49.91    8.848    0.5385
58034.8664407051    976.5    53.27    9.871    0.5385
58035.03720989115    966.4    53.49    9.729    0.5385
58035.20975630195    774.1    54.14    7.699    0.5385
58035.86351262791    915.6    52.98    9.307    0.5385
58036.03438609638    887.6    51.9    9.209    0.5385
58036.20686291754    855.5    57.13    8.063    0.5385
58036.8607579379    667.2    48.38    7.426    0.5385
58037.03165471398    1015.0    53.22    10.27    0.5385
58037.20407350057    895.0    53.88    8.945    0.5385
58037.85806137351    844.0    46.93    9.685    0.5385
58038.0289348019    984.9    51.4    10.32    0.5385
58038.201527537356    930.3    50.32    9.955    0.5385
58038.85478569281    1027.0    57.43    9.629    0.5385
58039.026052981666    1049.0    51.49    10.97    0.5385
58039.19855320014    974.6    55.06    9.532    0.5385
58039.852540735    1212.0    48.42    13.48    0.5385
58040.02328701165    1177.0    56.23    11.28    0.5385
58040.19578695029    1000.0    55.37    9.731    0.5385
58040.84921898445    1079.0    55.55    10.46    0.5385
58041.02038180082    988.1    48.97    10.87    0.5385
58041.19305558463    850.5    49.48    9.256    0.5385
58041.84667280453    761.9    52.29    7.847    0.5385
58042.01798609903    824.3    54.73    8.11    0.5385
58042.19053249501    785.0    57.3    7.377    0.5385
58042.84642397047    756.9    52.3    7.794    0.5385
58043.02103031271    866.1    55.11    8.463    0.5385
58043.193646047344    631.7    50.28    6.765    0.5385
58043.840817028235    914.3    47.46    10.37    0.5385
58044.01219921058    1081.0    55.47    10.49    0.5385
58044.18475747127    838.9    51.98    8.691    0.5385
58044.83791146087    728.4    51.69    7.588    0.5385
58045.00914390788    900.8    46.82    10.36    0.5385
58045.18170183659    902.3    54.41    8.93    0.5385
58045.83504122232    1018.0    54.73    10.02    0.5385
58046.00616940989    1136.0    53.42    11.45    0.5385
58046.17872734871    993.6    55.54    9.634    0.5385
58046.832000429604    750.6    50.81    7.955    0.5385
58047.00335708297    1034.0    53.94    10.32    0.5385
58047.17597286095    932.1    52.7    9.524    0.5385
58047.82897981138    801.4    51.23    8.424    0.5385
58048.00035956476    1087.0    50.01    11.71    0.5385
58048.17297526705    878.6    51.26    9.231    0.5385
58048.82641041676    781.7    53.91    7.808    0.5385
58048.99753556855    899.2    57.66    8.398    0.5385
58049.170313360424    850.9    53.81    8.515    0.5385
58049.82333202819    848.2    52.76    8.657    0.5385
58049.9944338029    775.8    53.33    7.834    0.5385
58050.167107641864    773.9    55.66    7.488    0.5385
58050.8211183754    850.6    51.21    8.944    0.5385
58050.99193390882    907.1    50.44    9.684    0.5385
58051.164607780425    837.9    49.87    9.048    0.5385
58051.81849117139    874.9    52.76    8.93    0.5385
58051.98953822597    633.9    52.06    6.558    0.5385
58052.162165645444    738.9    51.5    7.726    0.5385
58052.81578303774    797.7    50.06    8.581    0.5385
58052.98674886328    793.2    52.28    8.17    0.5385
58053.15961939876    693.4    51.18    7.296    0.5385
58053.81288095657    1026.0    53.0    10.42    0.5385
58053.98392502907    725.0    50.3    7.761    0.5385
58054.1564946456    822.2    54.14    8.178    0.5385
58054.80991815099    676.6    53.71    6.783    0.5385
58054.980915841574    678.0    49.37    7.395    0.5385
58055.15343902129    732.7    52.61    7.5    0.5385
58055.80728789823    744.1    51.54    7.774    0.5385
58055.978531800465    936.7    54.71    9.219    0.5385
58056.15097393711    782.9    49.93    8.445    0.5385
58056.80413111767    799.4    50.64    8.501    0.5385
58056.9754185154    752.0    46.61    8.688    0.5385
58057.14797653545    761.2    53.73    7.629    0.5385
58057.80108757571    676.0    53.01    6.867    0.5385
58057.97240931323    846.6    53.05    8.594    0.5385
58058.14490917644    858.4    52.29    8.841    0.5385
58058.79815938679    769.0    50.47    8.206    0.5385
58058.96937702916    812.6    55.82    7.839    0.5385
58059.14193494296    613.8    52.0    6.356    0.5385
58059.79527761752    812.5    53.97    8.107    0.5385
58059.966440636614    690.1    51.0    7.286    0.5385
58060.1391605826    642.4    50.9    6.797    0.5385
58060.799915720854    738.6    51.52    7.72    0.5385
58060.97105879819    674.4    49.95    7.27    0.5385
58062.793917388946    696.2    55.97    6.697    0.5385
58062.96620869348    647.2    52.52    6.636    0.5385
58063.13861641746    622.5    51.88    6.461    0.5385
58063.78475662414    680.2    50.49    7.256    0.5385
58063.955699920356    780.3    50.49    8.322    0.5385
58064.12814190862    734.6    50.42    7.846    0.5385
58064.78877008986    684.1    52.08    7.074    0.5385
58064.96030638476    547.3    46.54    6.331    0.5385
58065.13270235804    630.4    49.68    6.833    0.5385
58065.778946626575    548.2    52.31    5.644    0.5385
58065.9499476375    625.7    51.8    6.505    0.5385
58066.12242459921    431.9    44.34    5.245    0.5385
58066.78386258844    705.9    51.25    7.417    0.5385
58066.95541091273    681.0    49.71    7.377    0.5385
58067.128038162904    497.6    47.21    5.676    0.5385
58067.77480033566    594.5    48.01    6.668    0.5385
58067.945815928055    521.6    46.16    6.086    0.5385
58068.11829302593    541.2    52.56    5.545    0.5385
58068.771539694586    607.3    46.9    6.973    0.5385
58068.942760586724    676.4    47.99    7.589    0.5385
58069.115260637016    501.8    45.11    5.99    0.5385
58069.76840305712    362.7    54.9    3.558    0.5385
58069.93983245689    546.2    48.18    6.105    0.5385
58070.11230935554    291.0    45.64    3.433    0.5385
58070.765683293204    653.3    47.21    7.451    0.5385
58070.936661303516    698.2    49.55    7.587    0.5385
58071.10912657505    377.8    44.53    4.569    0.5385
58071.76974291063    660.0    51.06    6.96    0.5385
58071.941302523184    608.4    50.04    6.547    0.5385
58072.113953110995    540.1    47.56    6.116    0.5385
58072.76378503909    607.2    52.48    6.231    0.5385
58072.93787666534    549.4    45.57    6.493    0.5385
58073.11035372958    536.7    51.01    5.666    0.5385
58073.7643033994    759.6    52.59    7.779    0.5385
58073.93556204152    435.8    46.94    4.999    0.5385
58074.1080505897    669.6    50.15    7.189    0.5385
58074.76128575918    317.6    43.34    3.946    0.5385
58074.93254156691    295.4    37.94    4.193    0.5385
58075.10502038106    174.2    48.58    1.931    0.5385
58075.758784138336    112.9    33.95    1.791    0.5385
58075.93050457417    242.9    34.36    3.808    0.5385
58076.10298183544    198.5    41.71    2.563    0.5385
58076.74898273629    210.5    39.26    2.887    0.5385
58076.92000697423    300.7    43.6    3.714    0.5385
58077.09241458654    165.0    43.79    2.029    0.5385
58077.75289985017    136.1    37.37    1.961    0.5385
58077.92411586229    441.1    47.07    5.046    0.5385
58078.096547377616    122.7    40.18    1.645    0.5385
58078.74944595745    310.8    42.01    3.984    0.5385
58078.92087522017    340.7    37.63    4.875    0.5385
58079.093548933735    434.6    45.96    5.092    0.5385
58079.74709349925    281.5    34.63    4.377    0.5385
58079.91814455226    125.2    43.22    1.56    0.5385
58080.09065287831    190.4    45.33    2.262    0.5385
58080.74389288933    310.1    43.14    3.871    0.5385
58080.91566705807    368.9    44.53    4.461    0.5385
58081.08822513638    534.6    45.94    6.266    0.5385
58081.74163364289    276.7    39.86    3.739    0.5385
58081.91254222236    478.9    40.48    6.37    0.5385
58082.08505390005    506.3    47.32    5.762    0.5385
58082.73834684621    307.1    48.62    3.401    0.5385
58082.90978774683    426.1    44.97    5.103    0.5385
58083.08233409829    304.9    49.56    3.312    0.5385
58083.73642271329    368.9    50.03    3.97    0.5385
58083.90716980227    170.7    44.71    2.057    0.5385
58084.07979956458    395.1    46.74    4.552    0.5385
58084.73355241711    345.8    41.3    4.509    0.5385
58084.904568121055    155.2    42.94    1.947    0.5385
58085.07704499887    496.2    49.75    5.371    0.5385
58085.7309945449    386.7    46.07    4.52    0.5385
58085.90198739505    378.0    52.2    3.899    0.5385
58086.074455873815    201.9    47.46    2.291    0.5385
58086.72846003838    361.9    46.83    4.161    0.5385
58086.89926748953    371.3    47.33    4.224    0.5385
58087.07179078932    519.9    49.75    5.628    0.5385
58087.72580967262    232.7    50.35    2.489    0.5385
58087.89692966492    530.6    45.55    6.274    0.5385
58088.06951067838    344.8    45.73    4.059    0.5385
58088.7233216053    286.1    45.01    3.423    0.5385
58088.8941521042    284.3    47.97    3.192    0.5385
58089.06670984716    373.0    46.46    4.323    0.5385
58089.72021967336    171.1    51.79    1.779    0.5385
58089.891165983434    371.7    46.44    4.311    0.5385
58090.063713753596    138.7    47.36    1.576    0.5385
58090.71736098754    413.4    47.62    4.675    0.5385
58090.88897872602    335.5    51.95    3.478    0.5385
58091.06157136877    337.6    47.61    3.818    0.5385
58091.71515046982    315.6    48.04    3.538    0.5385
58091.886119886905    351.8    47.89    3.956    0.5385
58092.058619979805    309.3    45.26    3.681    0.5385
58092.71241907128    315.6    51.03    3.331    0.5385
58092.88373578721    304.5    49.41    3.319    0.5385
58093.056293738235    217.8    45.33    2.588    0.5385
58093.703217643604    371.2    53.7    3.722    0.5385
58093.8740947649    354.6    44.74    4.268    0.5385
58094.04669905809    260.3    41.48    3.38    0.5385
58094.70086833204    316.9    52.74    3.236    0.5385
58094.871872667165    373.9    46.02    4.375    0.5385
58095.04436115872    501.9    47.21    5.725    0.5385
58095.698183360764    348.7    55.48    3.384    0.5385
58095.86953480102    536.1    50.2    5.751    0.5385
58096.042034962855    501.4    47.54    5.68    0.5385
58096.695177286005    372.0    47.99    4.175    0.5385
58096.86659537447    433.6    43.65    5.35    0.5385
58097.03909513752    417.9    46.35    4.856    0.5385
58097.69310221224    167.6    46.59    1.937    0.5385
58097.86467410749    373.3    44.36    4.532    0.5385
58098.0373823246    287.3    48.54    3.187    0.5385
58098.69191376107    351.1    51.4    3.678    0.5385
58098.86303257653    196.1    48.0    2.2    0.5385
58099.035504977735    134.6    50.38    1.439    0.5385
58099.689749486424    325.5    44.9    3.904    0.5385
58099.86076212104    483.9    47.44    5.494    0.5385
58102.96517249227    256.7    36.99    3.737    0.5385
58103.68438340591    148.7    53.22    1.504    0.5385
58103.85650317765    460.6    45.53    5.448    0.5385
58104.02895675632    441.7    49.8    4.776    0.5385
58104.678039747596    381.5    51.95    3.955    0.5385
58104.8526146342    465.8    47.15    5.32    0.5385
58105.02525339464    482.5    49.85    5.213    0.5385
58105.67098842471    547.7    57.23    5.154    0.5385
58105.84212838646    382.3    48.44    4.25    0.5385
58106.01467480715    359.6    46.65    4.152    0.5385
58106.667504601355    650.1    51.3    6.824    0.5385
58106.83896879607    452.6    44.97    5.42    0.5385
58107.01153852147    387.1    48.46    4.302    0.5385
58107.664761763925    428.4    56.16    4.108    0.5385
58107.83555457011    473.8    49.64    5.14    0.5385
58108.00810181576    177.1    47.97    1.988    0.5385
58108.66851200605    587.1    51.44    6.146    0.5385
58108.83991816356    325.6    45.33    3.869    0.5385
58109.0124067358    491.7    43.21    6.128    0.5385
58109.6655606012    319.8    43.86    3.926    0.5385
58109.83648071831    451.9    43.97    5.534    0.5385
58110.00892294599    318.2    47.69    3.593    0.5385
58110.66218096794    267.2    47.21    3.048    0.5385
58110.83308998517    420.3    43.54    5.197    0.5385
58111.00568228002    413.4    43.32    5.139    0.5385
58111.662948132995    431.9    47.26    4.922    0.5385
58111.83692087458    382.3    45.83    4.492    0.5385
58112.00939785701    368.4    45.04    4.404    0.5385
58112.6566029175    591.2    48.23    6.602    0.5385
58112.82775425943    394.9    45.93    4.63    0.5385
58113.00024276656    480.2    41.82    6.184    0.5385
58113.653269438604    586.7    52.59    6.007    0.5385
58113.82440948282    488.6    50.6    5.201    0.5385
58113.99687478787    424.8    48.34    4.733    0.5385
58114.65073504035    446.3    51.11    4.703    0.5385
58114.822152604    537.1    45.77    6.319    0.5385
58114.99469892015    381.3    49.68    4.132    0.5385
58115.65171038629    563.1    51.4    5.899    0.5385
58115.82565978361    515.6    51.46    5.396    0.5385
58115.99819454012    378.0    46.95    4.335    0.5385
58116.64489037242    556.3    53.74    5.575    0.5385
58116.816481634756    463.0    44.18    5.643    0.5385
58116.989166829546    413.0    46.58    4.774    0.5385
58117.641869371524    623.5    56.31    5.963    0.5385
58117.81325251407    405.0    46.44    4.696    0.5385
58117.98587987034    317.5    48.55    3.521    0.5385
58118.642141982295    486.7    60.29    4.347    0.5385
58125.763846511545    201.1    41.48    2.611    0.5385
58127.61416506651    538.0    50.33    5.756    0.5385
58127.78515204628    345.8    38.49    4.839    0.5385
58127.95758997655    100.7    38.78    1.398    0.5385
58128.61071602943    899.4    51.73    9.362    0.5385
58128.781945598574    453.0    44.24    5.514    0.5385
58128.9544687505    182.0    45.76    2.142    0.5385
58129.60800503555    805.2    53.29    8.136    0.5385
58129.77876288922    410.4    45.18    4.891    0.5385
58129.95120504694    348.2    44.89    4.177    0.5385
58130.60496094377    608.2    54.43    6.018    0.5385
58130.775707424    473.4    47.78    5.335    0.5385
58130.94834637413    498.0    48.6    5.518    0.5385
58131.601468742054    967.5    57.07    9.129    0.5385
58131.772524670865    683.7    48.17    7.644    0.5385
58131.94508243725    330.4    46.52    3.825    0.5385
58132.60142535673    867.1    54.79    8.523    0.5385
58132.77613579463    705.6    50.81    7.478    0.5385
58132.94867061303    502.3    42.12    6.422    0.5385
58133.59580632139    761.8    58.08    7.063    0.5385
58133.766741155174    447.4    44.88    5.368    0.5385
58133.9391832946    596.9    44.31    7.255    0.5385
58134.593155739305    899.1    57.78    8.38    0.5385
58134.7642758807    822.2    56.29    7.865    0.5385
58134.93678758797    496.5    48.88    5.471    0.5385
58135.59079484674    750.4    53.89    7.498    0.5385
58135.762111573895    369.5    45.57    4.367    0.5385
58135.934634747304    540.8    48.89    5.957    0.5385
58136.5879390563    728.6    56.5    6.944    0.5385
58136.758863175695    218.3    48.99    2.399    0.5385
58136.93142892528    530.8    44.73    6.391    0.5385
58137.584756197604    709.3    51.31    7.444    0.5385
58137.75620884791    695.5    46.79    8.004    0.5385
58137.92884792042    511.2    51.44    5.351    0.5385
58138.58158522984    782.0    54.62    7.711    0.5385
58138.75306090127    418.1    44.4    5.071    0.5385
58138.925607296675    361.6    45.52    4.278    0.5385
58139.57923566843    651.4    54.63    6.421    0.5385
58139.750711379194    510.8    51.03    5.39    0.5385
58139.92330398261    343.4    49.09    3.767    0.5385
58140.575549184636    853.8    54.34    8.46    0.5385
58140.747702160166    629.0    45.2    7.494    0.5385
58140.92029502227    324.3    42.05    4.153    0.5385
58141.57402446899    551.9    59.53    4.992    0.5385
58141.74509812946    477.8    46.91    5.485    0.5385
58141.91776026551    480.3    42.99    6.016    0.5385
58142.57441213103    850.0    57.45    7.967    0.5385
58142.7486629775    719.5    54.93    7.053    0.5385
58142.92125580884    573.6    48.44    6.376    0.5385
58143.568963717276    770.8    48.85    8.497    0.5385
58143.74082743119    746.0    50.78    7.911    0.5385
58143.91352418816    517.6    46.86    5.948    0.5385
58144.57063647449    699.6    59.0    6.386    0.5385
58144.744820417094    645.4    52.07    6.675    0.5385
58144.917355279445    460.5    49.92    4.968    0.5385
58145.56325234138    830.3    54.19    8.251    0.5385
58145.73464698008    648.7    52.32    6.676    0.5385
58145.907343873885    503.1    49.67    5.455    0.5385
58146.56144364786    854.0    51.8    8.878    0.5385
58146.73241322554    753.4    48.85    8.306    0.5385
58146.90502901708    690.7    46.27    8.038    0.5385
58147.55850686757    907.1    59.07    8.27    0.5385
58147.730017510505    768.8    48.08    8.611    0.5385
58147.90255231471    683.0    49.72    7.397    0.5385
58148.55623548107    801.7    55.45    7.785    0.5385
58148.72792261544    484.3    47.26    5.518    0.5385
58148.90050375189    796.6    49.8    8.613    0.5385
58149.55375015572    973.5    58.53    8.956    0.5385
58149.724901741436    723.1    50.44    7.72    0.5385
58149.89743680531    710.4    48.2    7.937    0.5385
58150.551571202595    879.1    57.89    8.178    0.5385
58150.722645113536    737.3    50.02    7.938    0.5385
58150.895191264244    576.0    50.78    6.108    0.5385
58151.54919854225    700.2    56.77    6.642    0.5385
58151.720260659145    620.1    47.52    7.027    0.5385
58151.892830216704    623.3    47.01    7.14    0.5385
58152.54605348482    861.2    61.53    7.538    0.5385
58152.71733250957    661.7    49.32    7.225    0.5385
58152.88996003051    691.9    49.11    7.587    0.5385
58153.54344946453    838.2    57.14    7.899    0.5385
58153.714427460916    598.7    49.91    6.46    0.5385
58153.88702020567    632.5    45.06    7.559    0.5385
58154.543417618355    794.9    54.02    7.924    0.5385
58154.718189072    617.5    51.42    6.467    0.5385
58154.89071235286    680.6    48.65    7.534    0.5385
58155.537025798025    651.6    64.77    5.418    0.5385
58155.70853624187    634.0    51.56    6.621    0.5385
58155.88105958751    692.8    52.61    7.092    0.5385
58156.53712133979    853.0    49.89    9.208    0.5385
58156.7116266371    545.9    50.5    5.821    0.5385
58156.884265639266    651.3    46.66    7.516    0.5385
58157.53018562586    896.4    56.15    8.597    0.5385
58157.70151094146    607.6    40.94    7.992    0.5385
58157.87425412079    714.9    46.61    8.259    0.5385
58158.52811098028    887.7    62.18    7.687    0.5385
58158.69901099726    624.1    49.06    6.849    0.5385
58158.871765679774    721.3    50.95    7.624    0.5385
58159.52504682171    864.6    61.53    7.568    0.5385
58159.69660364066    536.5    50.62    5.707    0.5385
58159.86934665426    639.7    48.81    7.057    0.5385
58160.522431089106    761.5    54.05    7.586    0.5385
58160.693918564946    639.4    49.97    6.89    0.5385
58160.86656909311    714.0    48.69    7.897    0.5385
58161.520588008476    662.2    57.88    6.16    0.5385
58161.6919856245    728.1    48.53    8.079    0.5385
58161.86465936314    634.6    51.06    6.693    0.5385
58162.518412134355    673.8    53.18    6.823    0.5385
58162.68953397968    182.8    50.13    1.964    0.5385
58162.86247373404    745.9    55.53    7.234    0.5385
58163.51621294231    737.4    67.81    5.856    0.5385
58163.68726347276    675.5    44.28    8.215    0.5385
58163.85986766705    685.8    51.06    7.233    0.5385
58164.5136898034    691.7    42.34    8.797    0.5385
58164.68535399952    472.2    43.26    5.879    0.5385
58168.57519181294    558.0    53.33    5.635    0.5385
58168.74812015195    547.2    54.11    5.446    0.5385
58168.920631638364    542.7    51.97    5.623    0.5385
58169.498475631044    397.0    45.79    4.669    0.5385
58169.67189418489    264.6    39.06    3.648    0.5385
58169.84447407572    615.0    51.51    6.43    0.5385
58170.498148710394    459.6    67.57    3.663    0.5385
58170.66902178441    265.0    57.61    2.477    0.5385
58170.84167321695    580.1    55.26    5.653    0.5385
58171.49536791357    631.4    74.96    4.536    0.5385
58171.66703182003    639.7    63.19    5.451    0.5385
58171.839670928464    483.5    53.63    4.855    0.5385
58172.493317846485    296.8    58.26    2.744    0.5385
58172.66439311677    646.7    63.82    5.457    0.5385
58172.837020420426    536.5    49.29    5.862    0.5385
58173.48902664719    251.8    55.86    2.427    0.5385
58173.77462477651    414.0    44.76    4.982    0.5385
58174.4859410555    540.1    56.17    5.177    0.5385
58174.771520900445    286.5    48.41    3.187    0.5385
58175.48251819994    302.0    62.3    2.61    0.5385
58175.78406910154    672.7    56.04    6.464    0.5385
58176.48114077266    437.8    55.91    4.217    0.5385
58176.782937105396    194.8    45.07    2.327    0.5385
58177.48019163786    446.6    63.76    3.772    0.5385
58177.78016875673    270.5    43.67    3.335    0.5385
58178.472738067445    225.0    71.08    1.705    0.5385
58178.771731389264    379.8    45.57    4.488    0.5385
58179.475099538126    624.4    60.04    5.6    0.5385
58179.647564381026    575.8    58.85    5.269    0.5385
58179.82005286983    415.9    52.35    4.277    0.5385
58180.466944243904    607.6    99.75    3.28    0.5385
58180.63774747947    321.4    65.28    2.651    0.5385
58180.81027268837    562.0    49.07    6.168    0.5385
58181.4644998354    653.3    73.53    4.785    0.5385
58181.6355767703    331.1    66.06    2.699    0.5385
58181.80817789253    465.0    57.27    4.372    0.5385
58182.46155152777    731.9    57.16    6.895    0.5385
58182.63246914227    305.6    57.62    2.856    0.5385
58182.80509904712    558.9    54.23    5.549    0.5385
58183.52750636575    758.9    53.34    7.661    0.5385
58183.70085149888    530.7    48.96    5.837    0.5385
58183.87346710551    772.5    51.8    8.031    0.5385
58184.45582220769    436.0    64.6    3.634    0.5385
58184.626973912345    534.2    54.49    5.28    0.5385
58184.799543528556    727.0    60.57    6.463    0.5385
58185.455686370005    592.8    58.39    5.467    0.5385
58185.63007580721    506.2    52.74    5.168    0.5385
58185.802680038556    508.3    51.49    5.317    0.5385
58186.44974289843    767.1    64.26    6.429    0.5385
58186.62066610691    537.4    50.77    5.699    0.5385
58186.793316591116    549.1    50.01    5.913    0.5385
58187.45100723114    919.9    51.36    9.645    0.5385
58187.62516838194    409.8    51.71    4.268    0.5385
58187.797737835244    501.1    49.97    5.399    0.5385
58188.447526570446    780.5    71.9    5.846    0.5385
58188.62213853558    311.6    56.46    2.972    0.5385
58188.79472850757    627.0    56.05    6.023    0.5385
58189.44124748117    538.0    59.23    4.892    0.5385
58189.612147607186    495.7    48.35    5.521    0.5385
58189.78468228307    719.4    47.15    8.217    0.5385
58190.43846644578    310.8    71.66    2.336    0.5385
58190.60940438901    358.9    46.1    4.193    0.5385
58190.78198542652    637.0    50.08    6.85    0.5385
58191.43618949743    604.3    59.3    5.487    0.5385
58191.60713816245    412.0    94.31    2.352    0.5385
58191.77968225426    914.3    57.05    8.63    0.5385
58192.43371264722    485.6    65.75    3.977    0.5385
58192.605052382474    563.1    61.4    4.938    0.5385
58192.77776082094    754.1    54.09    7.508    0.5385
58193.434815056215    881.4    64.41    7.369    0.5385
58193.60899909669    644.0    52.5    6.606    0.5385
58193.78161504327    775.1    50.77    8.221    0.5385
58194.43469325201    753.9    63.93    6.351    0.5385
58194.605006197664    584.4    56.02    5.618    0.5385
58194.77581639885    772.4    48.68    8.544    0.5385
58195.43024608625    925.3    60.16    8.282    0.5385
58195.60168593324    300.2    67.86    2.382    0.5385
58195.77249456759    725.1    53.16    7.345    0.5385
58196.427271530665    693.3    62.58    5.966    0.5385
58196.610495108325    358.1    75.77    2.545    0.5385
58196.783270119384    622.5    59.96    5.591    0.5385
58197.42481776289    859.5    66.03    7.01    0.5385
58197.599438666315    652.4    45.37    7.744    0.5385
58197.77215870167    517.1    52.7    5.285    0.5385
58198.418310225105    414.0    57.54    3.875    0.5385
58198.58971668912    616.1    60.64    5.471    0.5385
58198.762320797825    783.5    59.64    7.074    0.5385
58199.41563654395    659.3    85.19    4.168    0.5385
58199.58682309264    694.2    52.42    7.131    0.5385
58199.75945031733    648.5    50.06    6.975    0.5385
58200.412303191195    859.6    62.77    7.375    0.5385
58200.583894722906    695.0    58.16    6.435    0.5385
58200.7565451581    1034.0    51.47    10.82    0.5385
58201.40977991918    910.5    56.24    8.718    0.5385
58201.58122467681    229.1    56.77    2.173    0.5385
58201.75384854353    736.7    53.24    7.451    0.5385
58202.407913400944    845.3    55.45    8.209    0.5385
58202.57888301308    603.9    46.09    7.055    0.5385
58202.751498752674    782.5    51.97    8.109    0.5385
58203.40534398045    808.8    67.87    6.417    0.5385
58203.57639457396    635.1    55.21    6.194    0.5385
58203.74898713289    712.4    47.71    8.04    0.5385
58204.40298291172    1076.0    60.59    9.559    0.5385
58204.57425330361    583.6    57.52    5.464    0.5385
58204.74689230447    710.6    53.27    7.182    0.5385
58205.40011540206    813.2    63.25    6.923    0.5385
58205.571440775006    589.4    47.27    6.714    0.5385
58205.74412591057    506.5    55.46    4.918    0.5385
58206.39767013511    684.8    67.95    5.427    0.5385
58206.56883802939    216.2    56.03    2.078    0.5385
58206.741452220514    692.2    53.07    7.024    0.5385
58207.39543659709    1171.0    69.01    9.136    0.5385
58207.56637113814    677.5    44.82    8.14    0.5385
58221.446587917584    1304.0    60.35    11.64    0.5385
58221.61966710862    261.4    52.7    2.671    0.5385
58221.79217695089    1366.0    55.07    13.36    0.5385
58222.35397375299    1132.0    54.12    11.27    0.5385
58222.52549841754    1287.0    95.61    7.249    0.5385
58222.69803354638    980.5    50.42    10.47    0.5385
58223.35177753862    969.3    78.58    6.642    0.5385
58223.52311419074    912.5    69.98    7.022    0.5385
58223.695637328514    1096.0    59.43    9.926    0.5385
58224.349161744605    952.5    53.74    9.544    0.5385
58224.52055633161    475.6    60.64    4.223    0.5385
58224.69310257167    810.6    52.03    8.39    0.5385
58225.34621329964    1084.0    57.68    10.12    0.5385
58225.51768574045    574.9    40.52    7.64    0.5385
58225.69038272484    659.6    59.01    6.02    0.5385
58226.34426592533    780.7    59.52    7.063    0.5385
58226.5158571029    620.4    65.07    5.134    0.5385
58226.688380221276    635.8    48.73    7.026    0.5385
58227.341823301744    806.8    62.94    6.904    0.5385
58227.513275824225    850.2    65.17    7.025    0.5385
58227.685764357826    757.6    52.91    7.711    0.5385
58228.3394045653    912.5    56.78    8.655    0.5385
58228.51075272696    661.3    64.8    5.495    0.5385
58228.68348409944    563.9    66.63    4.558    0.5385
58229.337159216324    1057.0    62.71    9.075    0.5385
58229.50845228468    298.2    59.76    2.687    0.5385
58229.68131968738    817.6    54.67    8.054    0.5385
58230.334890340295    1003.0    63.05    8.568    0.5385
58230.506088044    876.4    55.5    8.504    0.5385
58230.67877321674    712.1    59.97    6.394    0.5385
58231.33259867908    908.5    56.91    8.597    0.5385
58231.50354169286    434.3    43.51    5.375    0.5385
58231.67611400689    336.1    77.02    2.35    0.5385
58232.329403804426    995.8    62.25    8.615    0.5385
58232.50080163911    542.2    79.21    3.686    0.5385
58232.67340278695    801.9    55.02    7.849    0.5385
58233.32710090113    1410.0    70.06    10.84    0.5385
58233.49819436404    697.8    56.42    6.66    0.5385
58233.67071733029    767.1    53.1    7.779    0.5385
58234.32440412329    1122.0    51.57    11.71    0.5385
58234.49605284327    567.1    48.52    6.293    0.5385
58234.66854147154    796.9    54.29    7.903    0.5385
58235.322309012685    747.1    50.56    7.957    0.5385
58235.49373799706    650.5    44.38    7.894    0.5385
58235.666284518484    965.9    58.58    8.879    0.5385
58236.31286435227    865.0    58.58    7.952    0.5385
58236.484270421526    607.2    53.09    6.159    0.5385
58236.65685138334    813.3    54.71    8.005    0.5385
58237.31057266508    735.2    56.31    7.03    0.5385
58237.481781907314    601.4    49.82    6.5    0.5385
58237.65455967673    775.7    51.29    8.144    0.5385
58238.30822300393    752.2    57.53    7.04    0.5385
58238.47938584868    636.1    53.96    6.348    0.5385
58238.652105774156    699.9    56.59    6.661    0.5385
58239.30579229099    808.3    59.9    7.267    0.5385
58239.47678164447    620.7    71.14    4.698    0.5385
58239.64944382786    763.9    48.85    8.421    0.5385
58240.3030492249    696.5    66.82    5.614    0.5385
58240.47396047128    352.0    57.12    3.319    0.5385
58240.64652692648    689.5    45.88    8.093    0.5385
58241.29964597189    940.4    54.84    9.235    0.5385
58241.470982768195    503.5    45.72    5.93    0.5385
58241.64355232588    863.6    57.87    8.036    0.5385
58242.29660183324    892.3    54.15    8.874    0.5385
58242.467892389795    398.2    42.04    5.1    0.5385
58242.64041558581    727.2    52.52    7.456    0.5385
58243.29336104951    1009.0    57.77    9.406    0.5385
58243.464871466254    632.7    76.62    4.446    0.5385
58243.6374180871    642.2    51.19    6.756    0.5385
58244.29113890823    786.2    57.67    7.342    0.5385
58244.462082061626    830.2    51.93    8.609    0.5385
58244.63490616059    757.7    56.75    7.19    0.5385
58245.288835658495    956.7    67.81    7.598    0.5385
58245.45989440854    697.6    51.87    7.243    0.5385
58245.63253332129    787.1    51.5    8.23    0.5385
58246.286196730885    867.2    71.38    6.542    0.5385
58246.45729011946    556.5    50.41    5.946    0.5385
58246.629836435946    546.3    53.68    5.48    0.5385
58247.28369653031    794.5    53.7    7.967    0.5385
58247.45490583793    601.2    54.39    5.953    0.5385
58247.62746720461    317.5    68.19    2.507    0.5385
58248.28043230122    1071.0    62.26    9.268    0.5385
58248.45186165407    804.4    47.28    9.162    0.5385
58248.624465897636    1072.0    54.14    10.66    0.5385
58249.278279646285    1030.0    71.89    7.712    0.5385
58249.44933852311    915.5    65.43    7.535    0.5385
58249.62194260214    1028.0    53.54    10.34    0.5385
58250.275695350036    1025.0    54.21    10.19    0.5385
58250.44673427804    637.1    54.08    6.344    0.5385
58250.619569785275    935.3    55.13    9.135    0.5385
58251.27329918728    1004.0    60.89    8.88    0.5385
58251.44415574347    236.1    53.56    2.374    0.5385
58251.616815047964    837.2    52.42    8.6    0.5385
58252.270729858225    925.1    62.89    7.92    0.5385
58252.44167611896    767.4    68.75    6.011    0.5385
58252.61459281791    863.0    47.16    9.853    0.5385
58253.26773501611    914.8    49.41    9.97    0.5385
58253.438794077934    845.0    52.16    8.724    0.5385
58253.611641333846    860.4    45.66    10.15    0.5385
58254.26541699097    1019.0    50.11    10.95    0.5385
58254.436340179134    843.5    60.13    7.555    0.5385
58254.60915284245    874.4    51.56    9.133    0.5385
58255.26213294242    869.9    50.02    9.365    0.5385
58255.43348290051    296.7    59.13    2.702    0.5385
58255.606201218274    779.1    54.46    7.703    0.5385
58256.25934339922    867.8    51.94    8.998    0.5385
58256.43074978861    530.6    45.92    6.221    0.5385
58256.60343486681    747.2    53.11    7.577    0.5385
58257.256519186594    971.4    54.75    9.554    0.5385
58257.427947429875    291.3    63.5    2.47    0.5385
58257.60081907681    628.9    51.06    6.633    0.5385
58258.25406550185    1032.0    59.9    9.273    0.5385
58258.425159115664    664.1    52.41    6.823    0.5385
58260.6364087375    422.5    57.81    3.936    0.5385
58261.25006292881    836.5    56.05    8.037    0.5385
58261.42441797224    533.6    44.54    6.451    0.5385
58261.59718439175    516.7    48.24    5.768    0.5385
58262.24354410692    882.5    54.7    8.688    0.5385
58262.42153592605    641.5    49.03    7.045    0.5385
58262.594522018684    549.5    50.5    5.859    0.5385
58263.24039574057    725.8    52.52    7.441    0.5385
58263.41142157955    289.7    55.37    2.818    0.5385
58263.58418630206    646.0    51.1    6.809    0.5385
58264.23778859718    807.7    55.73    7.804    0.5385
58264.40882518372    282.7    68.83    2.212    0.5385
58264.58172083727    677.6    51.27    7.118    0.5385
58265.23492104999    796.2    52.25    8.207    0.5385
58265.40591055543    653.0    53.4    6.584    0.5385
58265.57858418646    567.2    51.3    5.953    0.5385
58266.231633832715    726.4    60.5    6.466    0.5385
58266.40300523637    493.1    48.32    5.495    0.5385
58266.57569058104    572.1    51.71    5.958    0.5385
58267.22879502261    699.6    56.27    6.695    0.5385
58267.400088588474    695.7    48.89    7.664    0.5385
58267.572692794456    758.6    51.98    7.859    0.5385
58268.225950922424    558.0    59.01    5.092    0.5385
58268.39707920979    564.5    47.52    6.398    0.5385
58268.569833849186    701.6    51.77    7.298    0.5385
58269.223262611245    881.5    57.05    8.321    0.5385
58269.39435914219    874.9    51.42    9.163    0.5385
58269.566963468176    809.9    51.97    8.392    0.5385
58270.220036522755    791.7    51.64    8.256    0.5385
58270.39140775666    573.8    51.63    5.985    0.5385
58270.564185535775    780.3    55.42    7.583    0.5385
58271.21760248787    693.8    49.15    7.601    0.5385
58271.388606647146    913.9    52.25    9.419    0.5385
58271.561291873855    780.8    52.53    8.004    0.5385
58272.21494050766    714.2    55.91    6.879    0.5385
58272.386025550375    606.2    53.63    6.087    0.5385
58272.558733962425    765.6    52.15    7.906    0.5385
58273.212370930116    661.3    49.08    7.255    0.5385
58273.38327089836    434.3    48.19    4.853    0.5385
58273.55595601812    615.1    61.68    5.37    0.5385
58274.20997498706    771.0    69.66    5.96    0.5385
58274.381005493546    275.0    71.33    2.076    0.5385
58274.553907437316    747.2    54.38    7.4    0.5385
58275.20682977216    852.4    67.64    6.787    0.5385
58275.37780760772    858.3    64.3    7.188    0.5385
58275.55067801275    677.0    52.78    6.908    0.5385
58276.2036351456    849.5    56.31    8.123    0.5385
58276.37498330418    790.5    54.44    7.819    0.5385
58276.54785384387    1030.0    56.93    9.746    0.5385
58277.20071840054    871.3    52.52    8.934    0.5385
58277.37207810269    765.7    50.16    8.221    0.5385
58277.54489076832    745.0    55.66    7.208    0.5385
58278.19779001659    651.0    53.95    6.498    0.5385
58278.369172969054    688.0    45.53    8.137    0.5385
58278.54208987525    883.5    54.14    8.788    0.5385
58279.195471996616    814.1    48.95    8.955    0.5385
58279.36631408214    662.9    49.89    7.155    0.5385
58279.538999282595    713.4    56.46    6.804    0.5385
58280.19224578547    522.6    52.22    5.389    0.5385
58280.3636057067    677.6    50.35    7.247    0.5385
58280.47791285874    167.7    28.42    3.177    0.5385
