a                407.500 57883.6019426073512   251.58
a                407.500 57884.2777348408975   995.78
a                407.500 57884.4494077349956   297.57
a                407.500 57884.6223822606253   376.22
a                407.500 57885.2788017527302  1260.49
a                407.500 57885.4532268998382   337.40
a                407.500 57885.6258889799810   334.39
a                407.500 57886.2716239531445   337.92
a                407.500 57886.4429722895656   247.56
a                407.500 57886.6154840996864   433.40
a                407.500 57887.2689009781867   348.89
a                407.500 57887.4397545808852   299.87
a                407.500 57887.6123008828303   327.09
a                407.500 57888.2658799907628   394.11
a                407.500 57888.4372082850894   324.85
a                407.500 57888.6099396336559   255.90
a                407.500 57889.2626386617597   831.51
a                407.500 57889.4338865713882   489.74
a                407.500 57889.6063978339019   565.80
a                407.500 57890.2600810170175   605.38
a                407.500 57890.4318029743245   419.27
a                407.500 57890.6044533631393   451.97
a                407.500 57891.2579860510039   419.28
a                407.500 57891.4288166901674   332.72
a                407.500 57891.6015943653448   453.19
a                407.500 57892.2554279902040   381.47
a                407.500 57892.4261660775785   337.56
a                407.500 57892.5990479093583   298.53
a                407.500 57893.2526848463818   392.83
a                407.500 57893.4235038075408   308.24
a                407.500 57893.5960732879073   430.51
a                407.500 57894.2497912709537   544.08
a                407.500 57894.4207143668774   422.12
a                407.500 57894.5932492493942   351.11
a                407.500 57895.2465504867063   378.78
a                407.500 57895.4179021187386   416.34
a                407.500 57895.5904365301149   317.70
a                407.500 57896.2441545609021   447.27
a                407.500 57896.4155404925883   378.79
a                407.500 57896.5881794889552   402.46
a                407.500 57897.2417585248829   394.26
a                407.500 57897.4126238927270   540.09
a                407.500 57897.5851354039997   399.73
a                407.500 57898.2382777427881   573.63
a                407.500 57898.4095103856112   572.92
a                407.500 57898.5819642253910   584.27
a                407.500 57899.2420824897457   520.80
a                407.500 57899.4138619487943   506.73
a                407.500 57899.5861381522968   824.73
a                407.500 57900.2397658176664  1183.75
a                407.500 57900.4113849431876   424.24
a                407.500 57900.5838040399928   542.35
a                407.500 57901.2309362983815   408.22
a                407.500 57901.4017205451962   292.00
a                407.500 57901.5742205099449   425.27
a                407.500 57902.2281120733964   426.12
a                407.500 57902.3989194287184   297.16
a                407.500 57902.5716163202085   483.48
a                407.500 57903.2250569015924   577.28
a                407.500 57903.3961299660035   375.75
a                407.500 57903.5686300500059   419.64
a                407.500 57904.2224521709569   402.06
a                407.500 57904.3940696660441   387.57
a                407.500 57904.5666394108249   413.99
a                407.500 57905.2195038017305   409.63
a                407.500 57905.3909447936697   387.40
a                407.500 57905.5635358264468  1505.03
a                407.500 57906.2168153878170   398.90
a                407.500 57906.3881898315462   395.40
a                407.500 57906.5609564435437   548.60
a                407.500 57907.2148940175131   407.12
a                407.500 57907.3857129464464   386.78
a                407.500 57907.5585716815988   589.42
a                407.500 57908.2118298725813   401.17
a                407.500 57908.3829700236363   391.71
a                407.500 57908.5557245154571   325.06
a                407.500 57909.2086930612814   382.91
a                407.500 57909.3801455348319   353.33
a                407.500 57909.5528424459208   590.45
a                407.500 57910.2059384367282   366.07
a                407.500 57910.3772636045117   260.22
a                407.500 57910.5499949823648   360.79
a                407.500 57911.2030448314345   388.14
a                407.500 57911.3743352862997   367.20
a                407.500 57911.5470897855861   410.14
a                407.500 57912.2008077216314   352.65
a                407.500 57912.3717424876376   376.26
a                407.500 57912.5445665312758   393.03
a                407.500 57913.1971764925633   415.54
a                407.500 57913.3685362534325   459.58
a                407.500 57913.5412909807614   417.06
a                407.500 57914.1948815947339   332.58
a                407.500 57914.3656891660453   428.79
a                407.500 57914.5384089581536   456.57
a                407.500 57915.1918638209849   409.75
a                407.500 57915.3633624819460   394.70
a                407.500 57915.5361286725778   431.23
a                407.500 57916.1891671688584   306.57
a                407.500 57916.3605383417810   419.61
a                407.500 57916.5330848616300   553.30
a                407.500 57917.1866755353707   426.43
a                407.500 57917.3577141935303   532.15
a                407.500 57917.5303531224545   514.62
a                407.500 57918.1838974953969   387.38
a                407.500 57918.3546817986309   430.54
a                407.500 57918.5272861890942   325.93
a                407.500 57919.1816405188427   433.01
a                407.500 57919.3523089522765   359.18
a                407.500 57919.5250404896061   574.42
a                407.500 57920.1790246571115   506.73
a                407.500 57920.3497278341859   390.49
a                407.500 57920.5222509584284   565.29
a                407.500 57921.1759226545155   712.71
a                407.500 57927.4629283833723  1123.27
a                407.500 57928.1622238638928   361.70
a                407.500 57928.3358231881154   443.22
a                407.500 57928.5084157440468   325.68
a                407.500 57929.1546053936646   255.40
a                407.500 57929.3259271379217   433.43
a                407.500 57929.4985312376836   271.87
a                407.500 57930.1517348336891   317.13
a                407.500 57930.3230684863618   412.28
a                407.500 57930.4957534511764   321.40
a                407.500 57931.1491770134455   324.52
a                407.500 57931.3201167820037   345.06
a                407.500 57931.4927210513136   513.13
a                407.500 57932.1458405417835   322.72
a                407.500 57932.3171190419107   271.79
a                407.500 57932.4898274305098   378.85
a                407.500 57933.1432015001028   333.83
a                407.500 57933.3146768193364   416.23
a                407.500 57933.4872347882616   473.19
a                407.500 57934.1404004556567   413.91
a                407.500 57934.3115171007169   331.31
a                407.500 57934.4841212248054   487.69
a                407.500 57935.1373479200261   293.66
a                407.500 57935.3070492984489   410.30
a                407.500 57935.4778362545288   349.64
a                407.500 57936.1395841222419   257.64
a                407.500 57936.3119914442029   329.38
a                407.500 57936.4829867089145   380.96
a                407.500 57937.1370146233596   288.85
a                407.500 57937.3090862888234   331.01
a                407.500 57937.4799773657339   413.41
a                407.500 57938.1343525603196   199.50
a                407.500 57938.3065396469076   249.42
a                407.500 57938.4775815387446   515.46
a                407.500 57939.1279262550481   233.46
a                407.500 57939.2969797362707   261.53
a                407.500 57939.4678939404071   350.72
a                407.500 57940.1292827138652   304.58
a                407.500 57940.4994808967723   455.47
a                407.500 57941.1261806203077   383.66
a                407.500 57941.2977081974903   436.25
a                407.500 57941.4685880249998   379.86
a                407.500 57942.1240741845222   214.00
a                407.500 57942.2974536580706   273.35
a                407.500 57942.4700696061540   257.96
a                407.500 57943.1162558393804   276.95
a                407.500 57943.2873724149848   318.56
a                407.500 57943.4600006018478   289.49
a                407.500 57944.1135476263759   258.00
a                407.500 57944.2841779867739   317.65
a                407.500 57944.4566895766440   400.08
a                407.500 57945.1100869536848   254.17
a                407.500 57945.2814233637006   273.01
a                407.500 57945.4539695923063   427.48
a                407.500 57946.1079889376248   338.25
a                407.500 57946.2792471846947   389.96
a                407.500 57946.4519329328734   363.21
a                407.500 57947.1057233555988   269.50
a                407.500 57947.2765736850932   297.16
a                407.500 57947.4491547387000   316.72
a                407.500 57948.1033737865754   265.58
a                407.500 57948.2740270779403   258.29
a                407.500 57948.4465273263027   279.65
a                407.500 57949.1000517831409   294.35
a                407.500 57949.2711337949829   197.45
a                407.500 57949.4436683527795   270.45
a                407.500 57950.0967298276782   308.89
a                407.500 57950.2679621877577   256.04
a                407.500 57950.4405085479507   310.74
a                407.500 57951.0942531351571   232.92
a                407.500 57951.2657285855937   250.50
a                407.500 57951.4384021049071   287.87
a                407.500 57952.0920537601450   227.05
a                407.500 57952.2632282953681   274.62
a                407.500 57952.4360061335586   327.12
a                407.500 57953.0891835927316   224.78
a                407.500 57953.2603462989449   248.16
a                407.500 57953.4328579089290   327.53
a                407.500 57954.0871233341984   207.60
a                407.500 57954.2577653187157   256.22
a                407.500 57954.4303231069219   358.76
a                407.500 57955.0842761234672   232.46
a                407.500 57955.2554272357883   197.94
a                407.500 57955.4280197299530   483.80
a                407.500 57956.0811622063348   232.00
a                407.500 57956.2520242884805   309.18
a                407.500 57956.4245938809922   300.85
a                407.500 57957.0779215848743   231.72
a                407.500 57957.2488760914060   256.61
a                407.500 57957.4214571822313   407.47
a                407.500 57958.0747963820603   252.48
a                407.500 57958.2460869568574   220.52
a                407.500 57958.4186104538117   342.88
a                407.500 57959.0725018033176   310.60
a                407.500 57959.2439222115378   302.18
a                407.500 57959.4165495946871   572.78
a                407.500 57960.0700162554936   279.09
a                407.500 57960.2411792679504   263.03
a                407.500 57960.4137138685278   408.51
a                407.500 57961.0675742830914   275.59
a                407.500 57961.2387139932001   363.22
a                407.500 57961.4112139423958   505.55
a                407.500 57962.0650742037814   249.64
a                407.500 57962.2360366702966  1322.67
a                407.500 57962.4086096743585   429.57
a                407.500 57963.0624930798204   397.88
a                407.500 57963.2332275133269   383.91
a                407.500 57963.4057622919764   484.10
a                407.500 57964.0593565207328   305.69
a                407.500 57964.2299869437064   373.31
a                407.500 57964.4025447962168   465.72
a                407.500 57965.0562893876165   294.05
a                407.500 57965.2275562000986   369.02
a                407.500 57965.4001372199481   371.59
a                407.500 57966.0539860090841   282.86
a                407.500 57966.2249868786217   361.06
a                407.500 57966.3975200436344  1185.72
a                407.500 57967.0511386725730   261.88
a                407.500 57967.2220931781532   282.90
a                407.500 57967.3946279985037   311.80
a                407.500 57968.0481873630220   320.70
a                407.500 57968.2192924742765   255.92
a                407.500 57968.3918154816482   330.60
a                407.500 57969.0458145858578   331.03
a                407.500 57969.2167804741468   218.85
a                407.500 57969.3893963755466   434.42
a                407.500 57970.0430715119282   340.85
a                407.500 57970.2144194556486   254.88
a                407.500 57970.3871045998935   339.60
a                407.500 57971.0410228247330   342.94
a                407.500 57971.2118846658298   323.23
a                407.500 57971.3846624865055   307.94
a                407.500 57972.0378631686632   270.01
a                407.500 57972.2088638358772   428.07
a                407.500 57972.3814910764250   285.47
a                407.500 57973.0345873434607   274.36
a                407.500 57973.2059356607185   261.30
a                407.500 57973.3785979902383   325.06
a                407.500 57974.0321569735475   309.29
a                407.500 57974.2032502925004   282.35
a                407.500 57974.3759355745985   415.60
a                407.500 57975.0298999956442   288.42
a                407.500 57975.2008660985347   286.97
a                407.500 57975.3734819385096   325.27
a                407.500 57976.0272032439082   256.93
a                407.500 57976.1984701224303   289.52
a                407.500 57976.3710975166530   438.28
a                407.500 57977.0244368522054   271.22
a                407.500 57977.1951830964943   326.71
a                407.500 57977.3676368092673   307.93
a                407.500 57978.0216673784916   279.94
a                407.500 57980.0220100402119   302.75
a                407.500 57980.1949866500737   279.18
a                407.500 57980.3674512805053   312.76
a                407.500 57981.0137075347408   258.81
a                407.500 57981.1849281603164   338.18
a                407.500 57981.3575092962479   411.44
a                407.500 57982.0104086879872   289.06
a                407.500 57982.1810855584713   352.56
a                407.500 57982.3534352160247   335.23
a                407.500 57983.0074196087825   273.08
a                407.500 57983.1785278819011   298.49
a                407.500 57983.3508889397884   398.60
a                407.500 57984.0049657715946   305.26
a                407.500 57984.1759235828400   342.90
a                407.500 57984.3484699005837   380.86
a                407.500 57985.0023963929839   234.29
a                407.500 57985.1734004154799   276.75
a                407.500 57985.3459120630868   242.01
a                407.500 57985.9998964552400   282.18
a                407.500 57986.1706227085826   296.57
a                407.500 57986.3431690418340   364.94
a                407.500 57986.9965198063339   345.01
a                407.500 57987.1677174892842   321.56
a                407.500 57987.3402175222683   250.26
a                407.500 57987.9976568099268   266.57
a                407.500 57988.1715138782156   298.99
a                407.500 57988.3439097008184   327.94
a                407.500 57988.9905908387667   366.99
a                407.500 57989.1621503911591   269.94
a                407.500 57989.3345810495325   297.27
a                407.500 57989.9886694595593   333.70
a                407.500 57990.1597314485431   275.00
a                407.500 57990.3322317468972   338.27
a                407.500 57990.9850730585075   265.65
a                407.500 57991.1563285674241   313.89
a                407.500 57991.3288750825526   374.69
a                407.500 57991.9823415644953   294.45
a                407.500 57992.1535856469633   349.27
a                407.500 57992.3261087685854   318.62
a                407.500 57992.9797142713146   310.61
a                407.500 57993.1507499300601   261.18
a                407.500 57993.3232499713995   329.23
a                407.500 57993.9769681350257   293.19
a                407.500 57994.1483888133595   334.08
a                407.500 57994.3211667074711   492.43
a                407.500 57994.9750236708886   425.35
a                407.500 57995.1459582722909   388.11
a                407.500 57995.3185855317138   515.90
a                407.500 57995.9717745597231   335.00
a                407.500 57996.1431110398428   575.99
a                407.500 57996.3157848263701   526.39
a                407.500 57996.9698270691075   330.28
a                407.500 57997.1408657926448   279.02
a                407.500 57997.3134814261487   444.75
a                407.500 57997.9676626664616   346.71
a                407.500 57998.1383194025613   330.03
a                407.500 57998.3110510273715   391.83
a                407.500 57998.9644829620837   354.40
a                407.500 57999.1357152683868   375.34
a                407.500 57999.3084816400754   469.55
a                407.500 57999.9611264766112   354.99
a                407.500 58000.1324976721885   260.88
a                407.500 58000.3049977333335   585.97
a                407.500 58000.9581055428807   340.07
a                407.500 58001.1293031703134   382.33
a                407.500 58001.3018610799280   325.82
a                407.500 58001.9559382531259   332.33
a                407.500 58002.1271042174025   349.31
a                407.500 58002.2998473176071   316.57
a                407.500 58002.9534844248175   313.69
a                407.500 58003.1243495052501   334.74
a                407.500 58003.2970000581780   425.58
a                407.500 58003.9498650347901   285.46
a                407.500 58004.1210972554806   491.62
a                407.500 58004.2937245903653   412.31
a                407.500 58004.9474775034980   399.99
a                407.500 58005.1184584871803   349.01
a                407.500 58005.2910858774261   731.25
a                407.500 58005.9453016532760   412.78
a                407.500 58006.1161205320668   302.35
a                407.500 58006.2887595223056   376.64
a                407.500 58006.9417283563992   337.71
a                407.500 58007.1131228704267   309.34
a                407.500 58007.2856345370653   432.35
a                407.500 58007.9397925847428   259.10
a                407.500 58008.1106691583875   285.85
a                407.500 58008.2830996813644   260.34
a                407.500 58008.9371073275185   284.70
a                407.500 58009.1082387263501   244.04
a                407.500 58009.2809006686181   350.94
a                407.500 58009.9346190213635   280.43
a                407.500 58010.1055302667570   261.43
a                407.500 58010.2782850365507   353.86
a                407.500 58010.9323041127244   234.07
a                407.500 58011.1031114135971   275.36
a                407.500 58011.2758546458768   310.82
a                407.500 58011.9291127642147   248.50
a                407.500 58012.1004031524489   273.03
a                407.500 58012.2730884079976   375.78
a                407.500 58012.9262773776437   254.61
a                407.500 58013.0976023329496   305.53
a                407.500 58013.2702990446684   355.58
a                407.500 58013.9236614834189   255.44
a                407.500 58014.0945813564802   310.80
a                407.500 58014.2672203328357   571.85
a                407.500 58014.9206638788109   240.10
a                407.500 58015.0919309833460   295.61
a                407.500 58015.2644889427043   432.01
a                407.500 58015.9177587634221   236.14
a                407.500 58016.0891416202352   284.41
a                407.500 58016.2616764505890   358.61
a                407.500 58016.9147843262379   275.36
a                407.500 58017.0860513023690   249.53
a                407.500 58023.9761675476776   200.67
a                407.500 58024.1488986745019   244.81
a                407.500 58024.3213300169288   268.68
a                407.500 58024.8988988548002   255.63
a                407.500 58025.0713757467521   224.29
a                407.500 58025.2438875043722   366.68
a                407.500 58025.8909538664028   304.34
a                407.500 58026.0619776814151   305.57
a                407.500 58026.2344894284001   387.52
a                407.500 58026.8881991853381   253.83
a                407.500 58027.0592928740747   312.63
a                407.500 58027.2320705439909   326.13
a                407.500 58027.8852130860358   246.38
a                407.500 58028.0562486994969   294.31
a                407.500 58028.2288413775493   352.96
a                407.500 58028.8829795323388   270.63
a                407.500 58029.0537372662155   388.11
a                407.500 58029.2263879915300   440.73
a                407.500 58029.8801326025718   211.76
a                407.500 58030.0514920494781   274.10
a                407.500 58030.2240615244123   304.18
a                407.500 58030.8776095458288   190.61
a                407.500 58031.0483670593718   250.10
a                407.500 58031.2210523194765   345.62
a                407.500 58031.8750747187673   287.71
a                407.500 58032.0461565542633   290.66
a                407.500 58032.2188069219388   289.36
a                407.500 58032.8724476908926   284.93
a                407.500 58033.0431126452224   317.72
a                407.500 58033.2155548489454   398.77
a                407.500 58033.8694849315153   213.52
a                407.500 58034.0402193464830   212.18
a                407.500 58034.2128812410781   250.66
a                407.500 58034.8664407050979   224.13
a                407.500 58035.0372098911458   233.99
a                407.500 58035.2097563019509   269.08
a                407.500 58035.8635126279146   235.68
a                407.500 58036.0343860963780   259.24
a                407.500 58036.2068629175426   307.78
a                407.500 58036.8607579379031   303.53
a                407.500 58037.0316547139826   222.34
a                407.500 58037.2040735005704   275.03
a                407.500 58037.8580613735118   230.17
a                407.500 58038.0289348019016   262.73
a                407.500 58038.2015275373590   231.84
a                407.500 58038.8547856928122   268.10
a                407.500 58039.0260529816696   206.66
a                407.500 58039.1985532001437   260.05
a                407.500 58039.8525407350028   173.95
a                407.500 58040.0232870116517   198.65
a                407.500 58040.1957869502903   303.93
a                407.500 58040.8492189844468   224.20
a                407.500 58041.0203818008235   206.57
a                407.500 58041.1930555846276   231.22
a                407.500 58041.8466728045318   288.44
a                407.500 58042.0179860990285   298.60
a                407.500 58042.1905324950124   317.29
a                407.500 58042.8464239704678   261.75
a                407.500 58043.0210303127087   309.91
a                407.500 58043.1936460473478   316.88
a                407.500 58043.8408170282333   219.64
a                407.500 58044.0121992105778   225.85
a                407.500 58044.1847574712676   251.80
a                407.500 58044.8379114608683   289.47
a                407.500 58045.0091439078794   242.37
a                407.500 58045.1817018365881   253.77
a                407.500 58045.8350412223217   225.32
a                407.500 58046.0061694098879   190.91
a                407.500 58046.1787273487118   242.58
a                407.500 58046.8320004296044   279.54
a                407.500 58047.0033570829687   220.27
a                407.500 58047.1759728609498   228.53
a                407.500 58047.8289798113745   266.48
a                407.500 58048.0003595647575   184.44
a                407.500 58048.1729752670538   272.89
a                407.500 58048.8264104167595   297.08
a                407.500 58048.9975355685527   301.13
a                407.500 58049.1703133604217   288.02
a                407.500 58049.8233320281853   276.60
a                407.500 58049.9944338029003   280.86
a                407.500 58050.1671076418673   299.21
a                407.500 58050.8211183754028   280.52
a                407.500 58050.9919339088241   236.49
a                407.500 58051.1646077804249   241.86
a                407.500 58051.8184911713912   280.39
a                407.500 58051.9895382259706   422.97
a                407.500 58052.1621656454431   304.78
a                407.500 58052.8157830377376   244.02
a                407.500 58052.9867488632826   260.92
a                407.500 58053.1596193987546   319.78
a                407.500 58053.8128809565670   205.61
a                407.500 58053.9839250290677   326.54
a                407.500 58054.1564946456012   284.16
a                407.500 58054.8099181509865   304.88
a                407.500 58054.9809158415718   322.72
a                407.500 58055.1534390212881   330.64
a                407.500 58055.8072878982248   319.59
a                407.500 58055.9785318004627   273.13
a                407.500 58056.1509739371094   255.22
a                407.500 58056.8041311176734   281.94
a                407.500 58056.9754185154029   286.94
a                407.500 58057.1479765354507   270.56
a                407.500 58057.8010875757094   312.36
a                407.500 58057.9724093132324   290.47
a                407.500 58058.1449091764396   267.23
a                407.500 58058.7981593867867   298.88
a                407.500 58058.9693770291603   336.77
a                407.500 58059.1419349429607   344.05
a                407.500 58059.7952776175195   269.10
a                407.500 58059.9664406366107   307.56
a                407.500 58060.1391605825963   321.41
a                407.500 58060.7999157208545   295.88
a                407.500 58060.9710587981878   310.82
a                407.500 58062.7939173889440   319.59
a                407.500 58062.9662086934792   336.57
a                407.500 58063.1386164174591   364.36
a                407.500 58063.7847566241428   305.31
a                407.500 58063.9556999203561   263.03
a                407.500 58064.1281419086234   344.90
a                407.500 58064.7887700898579   315.68
a                407.500 58064.9603063847582   349.82
a                407.500 58065.1327023580412   360.18
a                407.500 58065.7789466265749   432.02
a                407.500 58065.9499476375017   350.48
a                407.500 58066.1224245992147   469.27
a                407.500 58066.7838625884384   319.46
a                407.500 58066.9554109127275   322.99
a                407.500 58067.1280381629030   378.80
a                407.500 58067.7748003356640   320.79
a                407.500 58067.9458159280543   338.29
a                407.500 58068.1182930259318   441.66
a                407.500 58068.7715396945839   272.36
a                407.500 58068.9427605867261   366.91
a                407.500 58069.1152606370191   358.66
a                407.500 58069.7684030571176   643.25
a                407.500 58069.9398324568935   456.72
a                407.500 58070.1123093555466   706.38
a                407.500 58070.7656832932063   343.61
a                407.500 58070.9366613035172   326.20
a                407.500 58071.1091265750513   519.19
a                407.500 58071.7697429106233   342.08
a                407.500 58071.9413025231879   377.07
a                407.500 58072.1139531109980   356.49
a                407.500 58072.7637850390898   355.42
a                407.500 58072.9378766653358   376.96
a                407.500 58073.1103537295780   424.47
a                407.500 58073.7643033994034   330.87
a                407.500 58073.9355620415218   492.38
a                407.500 58074.1080505896969   315.85
a                407.500 58074.7612857591835   542.11
a                407.500 58074.9325415669116   662.83
a                407.500 58075.1050203810586  1045.88
a                407.500 58075.7587841383324  1247.41
a                407.500 58075.9305045741724   453.12
a                407.500 58076.1029818354347   856.37
a                407.500 58076.7489827362863  1870.27
a                407.500 58076.9200069742305   586.63
a                407.500 58077.0924145865445  1673.81
a                407.500 58077.7528998501705  1575.86
a                407.500 58077.9241158622875   421.40
a                407.500 58078.0965473776193  1900.85
a                407.500 58078.7494459574545   491.05
a                407.500 58078.9208752201698   460.36
a                407.500 58079.0935489337354   474.99
a                407.500 58079.7470934992493   761.29
a                407.500 58079.9181445522657  2816.88
a                407.500 58080.0906528783118  1038.65
a                407.500 58080.7438928893331   636.25
a                407.500 58080.9156670580674   437.89
a                407.500 58081.0882251363788   450.79
a                407.500 58081.7416336428841   616.76
a                407.500 58081.9125422223580   345.68
a                407.500 58082.0850539000566   449.83
a                407.500 58082.7383468462082   720.83
a                407.500 58082.9097877468272   489.17
a                407.500 58083.0823340982918   743.24
a                407.500 58083.7364227132966   721.03
a                407.500 58083.9071698022656  1060.16
a                407.500 58084.0797995645743   489.34
a                407.500 58084.7335524171048   546.42
a                407.500 58084.9045681210585   982.01
a                407.500 58085.0770449988719   464.06
a                407.500 58085.7309945449012   581.31
a                407.500 58085.9019873950509   523.22
a                407.500 58086.0744558738122   795.85
a                407.500 58086.7284600383765   622.37
a                407.500 58086.8992674895300   619.31
a                407.500 58087.0717907893177   445.13
a                407.500 58087.7258096726216   710.39
a                407.500 58087.8969296649257   374.83
a                407.500 58088.0695106783838   502.07
a                407.500 58088.7233216052981   720.21
a                407.500 58088.8941521041985   919.53
a                407.500 58089.0667098471578   459.01
a                407.500 58089.7202196733665  2426.10
a                407.500 58089.8911659834319   616.05
a                407.500 58090.0637137535951  1776.16
a                407.500 58090.7173609875354   456.76
a                407.500 58090.8889787260171   922.36
a                407.500 58091.0615713687733   560.34
a                407.500 58091.7151504698211   679.67
a                407.500 58091.8861198869086   627.99
a                407.500 58092.0586199798072   643.45
a                407.500 58092.7124190712820  1069.69
a                407.500 58092.8837357872140   799.04
a                407.500 58093.0562937382313   944.45
a                407.500 58093.7032176436030   739.07
a                407.500 58093.8740947648987   506.95
a                407.500 58094.0466990580901   772.06
a                407.500 58094.7008683320368   828.02
a                407.500 58094.8718726671627   476.07
a                407.500 58095.0443611587184   472.90
a                407.500 58095.6981833607639   733.48
a                407.500 58095.8695348010223   368.90
a                407.500 58096.0420349628556   430.03
a                407.500 58096.6951772860079   605.01
a                407.500 58096.8665953744744   416.03
a                407.500 58097.0390951375254   463.47
a                407.500 58097.6931022122350  1218.13
a                407.500 58097.8646741074901   489.77
a                407.500 58098.0373823245982   773.13
a                407.500 58098.6919137610662   553.22
a                407.500 58098.8630325765307  1598.36
a                407.500 58099.0355049777373  1794.28
a                407.500 58099.6897494864263   700.11
a                407.500 58099.8607621210372   415.74
a                407.500 58102.9651724922699   632.18
a                407.500 58103.6843834059121  1208.38
a                407.500 58103.8565031776528   449.18
a                407.500 58104.0289567563228   439.02
a                407.500 58104.6780397475924   607.53
a                407.500 58104.8526146341974   463.43
a                407.500 58105.0252533946400   450.24
a                407.500 58105.6709884247070   497.20
a                407.500 58105.8421283864593   626.33
a                407.500 58106.0146748071462   495.98
a                407.500 58106.6675046013554   331.65
a                407.500 58106.8389687960753   381.41
a                407.500 58107.0115385214684   738.11
a                407.500 58107.6647617639254   568.43
a                407.500 58107.8355545701114   438.38
a                407.500 58108.0081018157611  1245.87
a                407.500 58108.6685120060515   386.24
a                407.500 58108.8399181635608   854.17
a                407.500 58109.0124067357974   328.51
a                407.500 58109.6655606012011   519.10
a                407.500 58109.8364807183114   408.70
a                407.500 58110.0089229459931   741.57
a                407.500 58110.6621809679389  1004.97
a                407.500 58110.8330899851738   514.79
a                407.500 58111.0056822800150   499.76
a                407.500 58111.6629481329957   601.13
a                407.500 58111.8369208745823   461.42
a                407.500 58112.0093978570076   484.44
a                407.500 58112.6566029175010   314.94
a                407.500 58112.8277542594302   506.20
a                407.500 58113.0002427665638   393.60
a                407.500 58113.6532694386019   413.35
a                407.500 58113.8244094828169   534.63
a                407.500 58113.9968747878664   435.14
a                407.500 58114.6507350403459   538.00
a                407.500 58114.8221526039966   358.46
a                407.500 58114.9946989201460   752.98
a                407.500 58115.6517103862930   420.09
a                407.500 58115.8256597836103   741.18
a                407.500 58115.9981945401244   432.53
a                407.500 58116.6448903724235   500.79
a                407.500 58116.8164816347537   385.34
a                407.500 58116.9891668295463   595.04
a                407.500 58117.6418693715232   444.84
a                407.500 58117.8132525140700   502.70
a                407.500 58117.9858798703393   636.84
a                407.500 58118.6421419822952   587.16
a                407.500 58125.7638465115445   802.96
a                407.500 58127.6141650665111   430.45
a                407.500 58127.7851520462799   394.12
a                407.500 58127.9575899765474  3297.19
a                407.500 58128.6107160294239   251.51
a                407.500 58128.7819455985702   409.85
a                407.500 58128.9544687504933  1326.12
a                407.500 58129.6080050355517   252.95
a                407.500 58129.7787628892209   491.39
a                407.500 58129.9512050469448   557.44
a                407.500 58130.6049609437717   412.95
a                407.500 58130.7757074239968   442.78
a                407.500 58130.9483463741302   436.02
a                407.500 58131.6014687420521   241.33
a                407.500 58131.7725246708636   295.57
a                407.500 58131.9450824372454   659.91
a                407.500 58132.6014253567231   262.81
a                407.500 58132.7761357946290   310.30
a                407.500 58132.9486706130244   432.15
a                407.500 58133.5958063213877   345.89
a                407.500 58133.7667411551716   410.44
a                407.500 58133.9391832945990   311.28
a                407.500 58134.5931557393030   259.38
a                407.500 58134.7642758806987   326.93
a                407.500 58134.9367875879668   375.30
a                407.500 58135.5907948467398   281.74
a                407.500 58135.7621115738916   457.77
a                407.500 58135.9346347473053   351.00
a                407.500 58136.5879390563018   318.74
a                407.500 58136.7588631756942  1042.90
a                407.500 58136.9314289252802   323.53
a                407.500 58137.5847561976009   276.23
a                407.500 58137.7562088479132   283.87
a                407.500 58137.9288479204219   388.81
a                407.500 58138.5815852298427   290.81
a                407.500 58138.7530609012698   536.18
a                407.500 58138.9256072966767   467.26
a                407.500 58139.5792356684343   355.69
a                407.500 58139.7507113791962   362.40
a                407.500 58139.9233039826049   635.71
a                407.500 58140.5755491846353   262.08
a                407.500 58140.7477021601655   280.94
a                407.500 58140.9202950222676   527.12
a                407.500 58141.5740244689863   542.47
a                407.500 58141.7450981294640   391.86
a                407.500 58141.9177602655076   379.48
a                407.500 58142.5744121310252   340.84
a                407.500 58142.7486629774995   318.39
a                407.500 58142.9212558088368   385.07
a                407.500 58143.5689637172761   259.15
a                407.500 58143.7408274311872   290.65
a                407.500 58143.9135241881600   351.82
a                407.500 58144.5706364744918   338.02
a                407.500 58144.7448204170958   351.94
a                407.500 58144.9173552794429   405.87
a                407.500 58145.5632523413791   254.83
a                407.500 58145.7346469800842   390.42
a                407.500 58145.9073438738822   442.95
a                407.500 58146.5614436478605   259.66
a                407.500 58146.7324132255402   280.02
a                407.500 58146.9050290170746   280.69
a                407.500 58147.5585068675715   286.14
a                407.500 58147.7300175105022   278.05
a                407.500 58147.9025523147066   293.50
a                407.500 58148.5562354810676   290.50
a                407.500 58148.7279226154408   371.00
a                407.500 58148.9005037518841   252.17
a                407.500 58149.5537501557224   244.95
a                407.500 58149.7249017414334   308.36
a                407.500 58149.8974368053118   310.09
a                407.500 58150.5515712025934   290.16
a                407.500 58150.7226451135390   263.14
a                407.500 58150.8951912642474   366.95
a                407.500 58151.5491985422514   347.71
a                407.500 58151.7202606591465   325.72
a                407.500 58151.8928302167071   305.20
a                407.500 58152.5460534848141   349.99
a                407.500 58152.7173325095717   379.13
a                407.500 58152.8899600305106   303.73
a                407.500 58153.5434494645333   278.99
a                407.500 58153.7144274609140   343.37
a                407.500 58153.8870202056716   358.13
a                407.500 58154.5434176183583   259.72
a                407.500 58154.7181890720050   375.97
a                407.500 58154.8907123528594   353.73
a                407.500 58155.5370257980280   388.58
a                407.500 58155.7085362418760   374.68
a                407.500 58155.8810595875104   311.99
a                407.500 58156.5371213397874   274.18
a                407.500 58156.7116266371007   415.12
a                407.500 58156.8842656392632   312.51
a                407.500 58157.5301856258574   283.82
a                407.500 58157.7015109414595   271.27
a                407.500 58157.8742541207920   269.30
a                407.500 58158.5281109802837   311.81
a                407.500 58158.6990109972648   419.13
a                407.500 58158.8717656797752   322.07
a                407.500 58159.5250468217103   330.37
a                407.500 58159.6966036406596   432.02
a                407.500 58159.8693466542608   313.53
a                407.500 58160.5224310891030   346.08
a                407.500 58160.6939185649487   354.63
a                407.500 58160.8665690931061   266.41
a                407.500 58161.5205880084730   364.65
a                407.500 58161.6919856245018   261.87
a                407.500 58161.8646593631422   337.58
a                407.500 58162.5184121343565   331.30
a                407.500 58162.6895339796835  2160.21
a                407.500 58162.8624737340433   347.82
a                407.500 58163.5162129423097   381.69
a                407.500 58163.6872634727645   360.03
a                407.500 58163.8598676670541   313.00
a                407.500 58164.5136898034037   264.47
a                407.500 58164.6853539995231   372.79
a                407.500 58168.5751918129392   397.72
a                407.500 58168.7481201519503   473.14
a                407.500 58168.9206316383666   416.64
a                407.500 58169.4984756310473   491.33
a                407.500 58169.6718941848920   573.48
a                407.500 58169.8444740757182   351.86
a                407.500 58170.4981487103966  1070.11
a                407.500 58170.6690217844079  1366.90
a                407.500 58170.8416732169467   381.09
a                407.500 58171.4953679135751   543.94
a                407.500 58171.6670318200267   647.28
a                407.500 58171.8396709284647   478.05
a                407.500 58172.4933178464865  1874.55
a                407.500 58172.6643931167716   628.61
a                407.500 58172.8370204204237   400.29
a                407.500 58173.4890266471910  2004.44
a                407.500 58173.7746247765074   426.86
a                407.500 58174.4859410554973   435.72
a                407.500 58174.7715209004432   929.00
a                407.500 58175.4825181999437  1334.03
a                407.500 58175.7840691015339   361.14
a                407.500 58176.4811407726588   659.25
a                407.500 58176.7829371053992  2264.95
a                407.500 58177.4801916378564   734.07
a                407.500 58177.7801687567357   738.95
a                407.500 58178.4727380674437  1085.45
a                407.500 58178.7717313892611   493.95
a                407.500 58179.4750995381261   394.05
a                407.500 58179.6475643810280   520.76
a                407.500 58179.8200528698281   604.91
a                407.500 58180.4669442439046   910.44
a                407.500 58180.6377474794713  1250.00
a                407.500 58180.8102726883733   351.73
a                407.500 58181.4644998353998   610.98
a                407.500 58181.6355767703021  2508.94
a                407.500 58181.8081778925350   450.54
a                407.500 58182.4615515277668   345.18
a                407.500 58182.6324691422684  1323.60
a                407.500 58182.8050990471167   401.62
a                407.500 58183.5275063657446   274.36
a                407.500 58183.7008514988741   436.62
a                407.500 58183.8734671055109   296.56
a                407.500 58184.4558222076904   598.66
a                407.500 58184.6269739123466   522.32
a                407.500 58184.7995435285566   372.85
a                407.500 58185.4556863700084   424.76
a                407.500 58185.6300758072106   474.92
a                407.500 58185.8026800385547   379.74
a                407.500 58186.4497428984324   412.29
a                407.500 58186.6206661069067   454.77
a                407.500 58186.7933165911165   383.98
a                407.500 58187.4510072311368   221.81
a                407.500 58187.6251683819416   559.28
a                407.500 58187.7977378352418   433.54
a                407.500 58188.4475265704468   367.31
a                407.500 58188.6221385355818  1113.56
a                407.500 58188.7947285075711   385.53
a                407.500 58189.4412474811671   494.83
a                407.500 58189.6121476071853   435.21
a                407.500 58189.7846822830691   266.07
a                407.500 58190.4384664457855  1018.71
a                407.500 58190.6094043890111   538.13
a                407.500 58190.7819854265190   303.73
a                407.500 58191.4361894974254   399.56
a                407.500 58191.6071381624505  2015.90
a                407.500 58191.7796822542565   301.25
a                407.500 58192.4337126472181   686.22
a                407.500 58192.6050523824755   411.75
a                407.500 58192.7777608209470   314.44
a                407.500 58193.4348150562155   323.21
a                407.500 58193.6089990966902   400.49
a                407.500 58193.7816150432689   271.07
a                407.500 58194.4346932520143   341.00
a                407.500 58194.6050061976635   490.77
a                407.500 58194.7758163988448   275.86
a                407.500 58195.4302460862532   295.55
a                407.500 58195.6016859332393  2704.67
a                407.500 58195.7724945675885   297.77
a                407.500 58196.4272715306639   382.36
a                407.500 58196.6104951083231  1376.51
a                407.500 58196.7832701193866   451.65
a                407.500 58197.4248177628916   382.36
a                407.500 58197.5994386663179   338.89
a                407.500 58197.7721587016678   482.98
a                407.500 58198.4183102251080   671.63
a                407.500 58198.5897166891222   419.15
a                407.500 58198.7623207978215   372.42
a                407.500 58199.4156365439477   530.43
a                407.500 58199.5868230926458   361.35
a                407.500 58199.7594503173344   303.97
a                407.500 58200.4123031911955   313.30
a                407.500 58200.5838947229071   377.67
a                407.500 58200.7565451581023   246.82
a                407.500 58201.4097799191796   292.16
a                407.500 58201.5812246768086  1803.81
a                407.500 58201.7538485435304   290.47
a                407.500 58202.4079134009427   272.67
a                407.500 58202.5788830130794   313.67
a                407.500 58202.7514987526708   303.17
a                407.500 58203.4053439804512   398.15
a                407.500 58203.5763945739610   374.58
a                407.500 58203.7489871328840   281.00
a                407.500 58204.4029829117201   219.74
a                407.500 58204.5742533036115   515.68
a                407.500 58204.7468923044721   309.64
a                407.500 58205.4001154020554   327.10
a                407.500 58205.5714407750025   319.14
a                407.500 58205.7441259105706   385.58
a                407.500 58206.3976701351094   375.15
a                407.500 58206.5688380293834  1827.50
a                407.500 58206.7414522205134   295.72
a                407.500 58207.3954365970931   256.97
a                407.500 58207.5663711381445   279.31
a                407.500 58221.4465879175862   216.21
a                407.500 58221.6196671086196  1194.51
a                407.500 58221.7921769508878   173.51
a                407.500 58222.3539737529931   203.00
a                407.500 58222.5254984175380   344.96
a                407.500 58222.6980335463802   222.89
a                407.500 58223.3517775386229   325.00
a                407.500 58223.5231141907408   329.00
a                407.500 58223.6956373285152   246.22
a                407.500 58224.3491617446043   226.29
a                407.500 58224.5205563316135   566.77
a                407.500 58224.6931025716662   309.30
a                407.500 58225.3462132996444   221.81
a                407.500 58225.5176857404494   308.35
a                407.500 58225.6903827248414   318.52
a                407.500 58226.3442659253248   300.93
a                407.500 58226.5158571029017   438.39
a                407.500 58226.6883802212764   314.14
a                407.500 58227.3418233017468   397.83
a                407.500 58227.5132758242253   374.92
a                407.500 58227.6857643578291   301.05
a                407.500 58228.3394045652950   279.44
a                407.500 58228.5107527269569   475.90
a                407.500 58228.6834840994389   535.89
a                407.500 58229.3371592163239   251.30
a                407.500 58229.5084522846779  1943.25
a                407.500 58229.6813196873778   303.14
a                407.500 58230.3348903402977   257.61
a                407.500 58230.5060880439964   273.52
a                407.500 58230.6787732167456   359.74
a                407.500 58231.3325986790808   247.59
a                407.500 58231.5035416928584   425.91
a                407.500 58231.6761140068921  1353.22
a                407.500 58232.3294038044277   283.74
a                407.500 58232.5008016391087  1397.55
a                407.500 58232.6734027869530   299.48
a                407.500 58233.3271009011292   231.46
a                407.500 58233.4981943640380   340.35
a                407.500 58233.6707173302902   295.56
a                407.500 58234.3244041232909   193.79
a                407.500 58234.4960528432740   391.71
a                407.500 58234.6685414715399   302.22
a                407.500 58235.3223090126882   271.60
a                407.500 58235.4937379970562   312.72
a                407.500 58235.6662845184816   268.52
a                407.500 58236.3128643522712   305.72
a                407.500 58236.4842704215289   369.12
a                407.500 58236.6568513833418   285.36
a                407.500 58237.3105726650835   351.90
a                407.500 58237.4817819073175   364.44
a                407.500 58237.6545596767301   249.43
a                407.500 58238.3082230039279   304.68
a                407.500 58238.4793858486833   437.18
a                407.500 58238.6521057741559   334.16
a                407.500 58239.3057922909859   355.41
a                407.500 58239.4767816444719   542.49
a                407.500 58239.6494438278640   256.66
a                407.500 58240.3030492248989   465.69
a                407.500 58240.4739604712793  1052.32
a                407.500 58240.6465269264792   299.12
a                407.500 58241.2996459718918   273.62
a                407.500 58241.4709827681947   417.92
a                407.500 58241.6435523258750   304.03
a                407.500 58242.2966018332391   237.01
a                407.500 58242.4678923897942   407.56
a                407.500 58242.6404155858139   308.60
a                407.500 58243.2933610495081   269.71
a                407.500 58243.4648714662548   597.38
a                407.500 58243.6374180870959   361.79
a                407.500 58244.2911389082288   300.65
a                407.500 58244.4620820616281   301.68
a                407.500 58244.6349061605896   305.07
a                407.500 58245.2888356584953   347.30
a                407.500 58245.4598944085409   328.38
a                407.500 58245.6325333212850   341.67
a                407.500 58246.2861967308869   394.66
a                407.500 58246.4572901194627   359.05
a                407.500 58246.6298364359497   381.88
a                407.500 58247.2836965303051   292.01
a                407.500 58247.4549058379288   371.82
a                407.500 58247.6274672046112  1138.19
a                407.500 58248.2804323012164   245.12
a                407.500 58248.4518616540771   280.79
a                407.500 58248.6244658976349   229.97
a                407.500 58249.2782796462862   317.73
a                407.500 58249.4493385231134   317.87
a                407.500 58249.6219426021411   241.66
a                407.500 58250.2756953500377   221.73
a                407.500 58250.4467342780388   330.34
a                407.500 58250.6195697852727   279.99
a                407.500 58251.2732991872840   222.98
a                407.500 58251.4441557434726  1979.66
a                407.500 58251.6168150479617   266.60
a                407.500 58252.2707298582254   293.93
a                407.500 58252.4416761189554   381.89
a                407.500 58252.6145928179138   253.73
a                407.500 58253.2677350161116   257.58
a                407.500 58253.4387940779340   293.33
a                407.500 58253.6116413338462   226.28
a                407.500 58254.2654169909702   211.40
a                407.500 58254.4363401791315   312.80
a                407.500 58254.6091528424500   263.78
a                407.500 58255.2621329424248   267.31
a                407.500 58255.4334829005089  1471.76
a                407.500 58255.6062012182715   276.40
a                407.500 58256.2593433992259   262.70
a                407.500 58256.4307497886075   323.60
a                407.500 58256.6034348668107   301.09
a                407.500 58257.2565191865914   238.40
a                407.500 58257.4279474298731  2001.01
a                407.500 58257.6008190768123   331.89
a                407.500 58258.2540655018516   251.17
a                407.500 58258.4251591156655   329.34
a                407.500 58260.6364087374941   563.97
a                407.500 58261.2500629288129   298.61
a                407.500 58261.4244179722365   379.61
a                407.500 58261.5971843917501   313.96
a                407.500 58262.2435441069160   279.07
a                407.500 58262.4215359260469   349.58
a                407.500 58262.5945220186842   314.73
a                407.500 58263.2403957405715   311.62
a                407.500 58263.4114215795474  1046.74
a                407.500 58263.5841863020622   374.08
a                407.500 58264.2377885971824   281.33
a                407.500 58264.4088251837166  1256.53
a                407.500 58264.5817208372646   346.87
a                407.500 58265.2349210499919   273.13
a                407.500 58265.4059105554326   364.09
a                407.500 58265.5785841864629   362.15
a                407.500 58266.2316338327163   321.73
a                407.500 58266.4030052363668   383.22
a                407.500 58266.5756905810397   329.69
a                407.500 58267.2287950226118   336.86
a                407.500 58267.4000885884741   283.14
a                407.500 58267.5726927944530   303.70
a                407.500 58268.2259509224273   413.28
a                407.500 58268.3970792097884   290.19
a                407.500 58268.5698338491822   332.72
a                407.500 58269.2232626112429   272.70
a                407.500 58269.3943591421921   289.44
a                407.500 58269.5669634681735   280.26
a                407.500 58270.2200365227535   292.60
a                407.500 58270.3914077566580   441.42
a                407.500 58270.5641855357739   302.05
a                407.500 58271.2176024878709   323.16
a                407.500 58271.3886066471423   288.45
a                407.500 58271.5612918738517   296.47
a                407.500 58272.2149405076619   343.06
a                407.500 58272.3860255503770   383.06
a                407.500 58272.5587339624282   304.81
a                407.500 58273.2123709301191   306.19
a                407.500 58273.3832708983621   416.44
a                407.500 58273.5559560181217   452.05
a                407.500 58274.2099749870617   421.14
a                407.500 58274.3810054935445  3176.28
a                407.500 58274.5539074373170   291.14
a                407.500 58275.2068297721630   385.54
a                407.500 58275.3778076077241   314.94
a                407.500 58275.5506780127501   313.90
a                407.500 58276.2036351455978   278.65
a                407.500 58276.3749833041773   287.08
a                407.500 58276.5478538438697   255.43
a                407.500 58277.2007184005413   262.27
a                407.500 58277.3720781026923   261.17
a                407.500 58277.5448907683147   304.20
a                407.500 58278.1977900165908   382.30
a                407.500 58278.3691729690557   308.03
a                407.500 58278.5420898752490   257.26
a                407.500 58279.1954719966145   237.22
a                407.500 58279.3663140821341   320.19
a                407.500 58279.5389992825954   355.47
a                407.500 58280.1922457854639   385.98
a                407.500 58280.3636057066999   344.41
a                407.500 58280.4779128587411   699.73
