 0.00161000004  43.8410873 -6.29580259  45.7159882 -19.1458817
  0.00322000007  56.833065  6.85524893  58.8457756 -19.1458817
  0.00482999999  56.833065 -6.29580259  32.8206558 -19.1458817
  0.00644000014  69.8250427 -19.2475967  45.7159882 -6.25534248
  0.0080500003  43.8410873 -19.2475967  45.7159882 -32.5419312
  0.00965999998  43.8410873 -32.3986473  32.8206558 -45.1797142
  0.0112699997  43.8410873 -45.350441  19.6908665 -45.1797142
  0.0128800003  17.8571301 -19.2475967  19.6908665 -32.5419312
  0.01449  4.86515188 -6.29580259  6.56107616 -6.25534248
  0.0161000006 -8.12682629 -6.29580259  19.6908665 -6.25534248
  0.0177100003 -8.12682629 -6.29580259  19.6908665  6.88795233
  0.01932  4.86515188 -6.29580259  45.7159882 -6.25534248
  0.0209299996  30.8491077 -19.2475967  45.7159882 -19.1458817
  0.0225399993  43.8410873 -6.29580259  19.6908665 -6.25534248
  0.0241500009  43.8410873 -6.29580259  32.8206558  6.88795233
  0.0257600006  56.833065  6.85524893  32.8206558  6.88795233
  0.0273700003  43.8410873  6.85524893  19.6908665 -6.25534248
  0.0289799999  30.8491077 -6.29580259  19.6908665  6.88795233
  0.0305899996  4.86515188 -19.2475967  6.56107616  6.88795233
  0.0322000012 -8.12682629 -19.2475967 -6.33425331  6.88795233
  0.0338100009 -8.12682629  6.85524893 -6.33425331 -6.25534248
  0.0354200006 -8.12682629  19.8070431 -6.33425331 -6.25534248
  0.0370300002  4.86515188  19.8070431  6.56107616 -6.25534248
  0.0386399999  4.86515188  19.8070431  6.56107616  6.88795233
  0.0402499996 -8.12682629  19.8070431  19.6908665  20.0312481
  0.0418599993  17.8571301  19.8070431  32.8206558  6.88795233
  0.043469999  17.8571301  6.85524893  32.8206558  6.88795233
  0.0450799987  4.86515188  6.85524893  32.8206558  20.0312481
  0.0466899984  4.86515188  19.8070431  19.6908665  6.88795233
  0.0483000018  17.8571301  32.7588348  6.56107616  20.0312481
  0.0499100015  30.8491077  32.7588348  6.56107616  20.0312481
  0.0515200011  17.8571301  6.85524893  19.6908665  32.9217873
  0.0531300008  4.86515188 -6.29580259  19.6908665  20.0312481
  0.0547400005  4.86515188 -6.29580259  19.6908665  20.0312481
  0.0563500002 -8.12682629 -6.29580259  19.6908665  32.9217873
  0.0579599999 -8.12682629  6.85524893  19.6908665  20.0312481
  0.0595699996  4.86515188  19.8070431  32.8206558  6.88795233
  0.0611799993  4.86515188  32.7588348  32.8206558  6.88795233
  0.0627899989  4.86515188  19.8070431  32.8206558  20.0312481
  0.0644000024 -8.12682629  6.85524893  58.8457756  32.9217873
  0.0660099983  4.86515188 -6.29580259  58.8457756  32.9217873
  0.0676200017  4.86515188  6.85524893  58.8457756  32.9217873
  0.0692299977 -8.12682629  19.8070431  32.8206558  6.88795233
  0.0708400011 -8.12682629  19.8070431  6.56107616  6.88795233
  0.0724499971 -8.12682629  6.85524893  19.6908665  6.88795233
  0.0740600005 -8.12682629  6.85524893  45.7159882  20.0312481
  0.0756699964 -8.12682629 -6.29580259  45.7159882  20.0312481
  0.0772799999  4.86515188  19.8070431  32.8206558 -6.25534248
  0.0788900033  4.86515188  32.7588348  19.6908665 -6.25534248
  0.0804999992  17.8571301  19.8070431  19.6908665 -6.25534248
  0.0821100026  30.8491077  6.85524893  19.6908665 -19.1458817
  0.0837199986  17.8571301  6.85524893 -6.33425331 -32.5419312
  0.085330002  4.86515188  19.8070431 -6.33425331 -6.25534248
  0.086939998  30.8491077  19.8070431  6.56107616  6.88795233
  0.0885500014  43.8410873 -6.29580259  19.6908665  6.88795233
  0.0901599973  17.8571301 -6.29580259  19.6908665  20.0312481
  0.0917700008  17.8571301 -19.2475967  32.8206558  20.0312481
  0.0933799967  17.8571301 -6.29580259  19.6908665 -6.25534248
  0.0949900001  4.86515188 -6.29580259  32.8206558 -19.1458817
  0.0966000035  4.86515188 -6.29580259  32.8206558 -19.1458817
  0.0982099995 -21.1188049 -6.29580259  19.6908665 -19.1458817
  0.0998200029 -34.1107826 -6.29580259  32.8206558 -6.25534248
  0.101429999 -34.1107826 -6.29580259  19.6908665 -6.25534248
  0.103040002 -8.12682629  6.85524893 -19.4640446 -6.25534248
  0.104649998  4.86515188 -19.2475967 -6.33425331 -6.25534248
  0.106260002  17.8571301 -19.2475967 -6.33425331 -6.25534248
  0.107869998  4.86515188 -19.2475967 -19.4640446 -6.25534248
  0.109480001  4.86515188 -32.3986473 -6.33425331 -6.25534248
  0.111089997 -8.12682629 -19.2475967 -6.33425331 -19.1458817
  0.1127  4.86515188  6.85524893  6.56107616 -6.25534248
  0.114309996 -21.1188049  19.8070431  19.6908665  6.88795233
  0.11592  4.86515188  6.85524893  19.6908665  6.88795233
  0.117530003  4.86515188 -6.29580259  19.6908665 -6.25534248
  0.119139999  4.86515188 -19.2475967 -6.33425331 -19.1458817
  0.120750003  17.8571301 -32.3986473 -19.4640446 -19.1458817
  0.122359999  17.8571301 -32.3986473 -19.4640446 -6.25534248
  0.123970002  17.8571301 -19.2475967 -6.33425331  20.0312481
  0.125579998  30.8491077 -6.29580259 -6.33425331  20.0312481
  0.127189994  30.8491077 -45.350441 -6.33425331  6.88795233
  0.128800005  30.8491077 -45.350441 -6.33425331 -6.25534248
  0.130410001  17.8571301 -32.3986473 -6.33425331  6.88795233
  0.132019997  30.8491077 -19.2475967 -6.33425331 -6.25534248
  0.133629993  30.8491077 -19.2475967 -6.33425331 -45.1797142
  0.135240003  17.8571301 -6.29580259 -6.33425331 -32.5419312
  0.136849999 -8.12682629 -6.29580259  19.6908665 -19.1458817
  0.138459995 -8.12682629 -6.29580259  45.7159882 -19.1458817
  0.140070006 -8.12682629 -6.29580259  32.8206558 -19.1458817
  0.141680002 -21.1188049 -19.2475967  32.8206558 -6.25534248
  0.143289998 -34.1107826 -6.29580259  19.6908665  6.88795233
  0.144899994 -8.12682629  6.85524893  6.56107616  6.88795233
  0.146510005  4.86515188  6.85524893 -6.33425331 -19.1458817
  0.148120001  4.86515188  19.8070431 -6.33425331 -32.5419312
  0.149729997  4.86515188  19.8070431  6.56107616 -6.25534248
  0.151339993  4.86515188 -6.29580259  19.6908665 -19.1458817
  0.152950004  4.86515188 -6.29580259  19.6908665 -32.5419312
  0.15456  4.86515188 -6.29580259  19.6908665 -6.25534248
  0.156169996  30.8491077 -6.29580259  19.6908665 -6.25534248
  0.157780007  17.8571301 -6.29580259  19.6908665 -6.25534248
  0.159390002  4.86515188 -19.2475967  32.8206558 -6.25534248
  0.160999998 -8.12682629 -19.2475967  32.8206558 -6.25534248
  0.162609994  4.86515188 -19.2475967  19.6908665 -19.1458817
  0.164220005  4.86515188 -19.2475967 -6.33425331 -6.25534248
  0.165830001 -8.12682629 -19.2475967 -19.4640446 -6.25534248
  0.167439997 -8.12682629 -19.2475967 -6.33425331 -6.25534248
  0.169049993  4.86515188 -6.29580259 -6.33425331 -6.25534248
  0.170660004  4.86515188 -6.29580259  6.56107616  20.0312481
  0.17227 -8.12682629  6.85524893  19.6908665  6.88795233
  0.173879996 -34.1107826  19.8070431  19.6908665  6.88795233
  0.175490007 -21.1188049 -6.29580259  6.56107616  6.88795233
  0.177100003 -8.12682629  6.85524893 -19.4640446  20.0312481
  0.178709999 -34.1107826  6.85524893 -19.4640446  20.0312481
  0.180319995 -58.2387428  19.8070431 -19.4640446  6.88795233
  0.181930006 -45.2467651  6.85524893 -19.4640446 -6.25534248
  0.183540002 -34.1107826  6.85524893 -19.4640446  20.0312481
  0.185149997 -34.1107826 -6.29580259 -32.359375  32.9217873
  0.186759993 -45.2467651 -19.2475967 -45.4891624  32.9217873
  0.188370004 -45.2467651 -32.3986473 -32.359375  20.0312481
  0.18998 -58.2387428 -19.2475967 -32.359375  20.0312481
  0.191589996 -58.2387428 -19.2475967 -32.359375  6.88795233
  0.193200007 -58.2387428 -19.2475967 -19.4640446  6.88795233
  0.194810003 -71.2307205 -6.29580259 -19.4640446  6.88795233
  0.196419999 -58.2387428  6.85524893 -32.359375 -6.25534248
  0.198029995 -45.2467651 -6.29580259 -45.4891624 -6.25534248
  0.199640006 -34.1107826 -32.3986473 -32.359375 -19.1458817
  0.201250002 -34.1107826 -19.2475967 -32.359375 -19.1458817
  0.202859998 -34.1107826 -6.29580259 -45.4891624  6.88795233
  0.204469994 -45.2467651  6.85524893 -32.359375  6.88795233
  0.206080005 -34.1107826  6.85524893 -32.359375 -32.5419312
  0.207690001 -34.1107826 -6.29580259 -32.359375 -19.1458817
  0.209299996 -34.1107826  6.85524893 -19.4640446 -19.1458817
  0.210910007 -34.1107826 -6.29580259  19.6908665 -6.25534248
  0.212520003 -21.1188049 -19.2475967  6.56107616 -19.1458817
  0.214129999 -34.1107826 -6.29580259  6.56107616  6.88795233
  0.215739995 -34.1107826 -6.29580259 -6.33425331  6.88795233
  0.217350006 -34.1107826 -32.3986473 -32.359375  6.88795233
  0.218960002 -34.1107826 -32.3986473 -45.4891624  6.88795233
  0.220569998 -34.1107826 -19.2475967 -45.4891624 -6.25534248
  0.222179994 -8.12682629 -32.3986473 -45.4891624 -19.1458817
  0.223790005 -8.12682629 -19.2475967 -32.359375 -6.25534248
  0.225400001 -21.1188049 -6.29580259 -32.359375  6.88795233
  0.227009997 -8.12682629 -6.29580259 -32.359375  32.9217873
  0.228619993 -8.12682629  19.8070431 -45.4891624  6.88795233
  0.230230004 -8.12682629  32.7588348 -45.4891624 -6.25534248
  0.23184 -8.12682629  19.8070431 -45.4891624 -19.1458817
  0.233449996 -8.12682629  19.8070431 -58.6189537 -32.5419312
  0.235060006 -34.1107826  19.8070431 -71.5142822 -19.1458817
  0.236670002 -58.2387428  19.8070431 -58.6189537  20.0312481
  0.238279998 -45.2467651  6.85524893 -32.359375  20.0312481
  0.239889994 -45.2467651 -6.29580259 -6.33425331  6.88795233
  0.241500005 -45.2467651  6.85524893 -6.33425331 -6.25534248
  0.243110001 -58.2387428  6.85524893 -19.4640446 -6.25534248
  0.244719997 -71.2307205  6.85524893 -19.4640446 -19.1458817
  0.246329993 -84.222702 -6.29580259 -19.4640446 -32.5419312
  0.247940004 -58.2387428 -6.29580259 -19.4640446 -19.1458817
  0.24955 -45.2467651 -19.2475967 -19.4640446  6.88795233
  0.251159996 -45.2467651 -19.2475967 -6.33425331  6.88795233
  0.252770007 -34.1107826 -6.29580259  6.56107616  6.88795233
  0.254379988 -34.1107826  6.85524893  6.56107616 -6.25534248
  0.255989999 -34.1107826  6.85524893 -6.33425331 -6.25534248
  0.257600009 -8.12682629 -6.29580259  6.56107616 -6.25534248
  0.259209991  4.86515188 -6.29580259  19.6908665 -19.1458817
  0.260820001 -8.12682629  6.85524893 -6.33425331 -6.25534248
  0.262430012 -21.1188049  6.85524893 -19.4640446 -6.25534248
  0.264039993 -34.1107826 -6.29580259 -19.4640446 -19.1458817
  0.265650004 -45.2467651 -6.29580259 -32.359375 -6.25534248
  0.267259985 -45.2467651 -6.29580259 -32.359375  20.0312481
  0.268869996 -45.2467651 -19.2475967 -19.4640446  20.0312481
  0.270480007 -45.2467651 -32.3986473 -19.4640446  20.0312481
  0.272089988 -45.2467651 -32.3986473 -32.359375 -6.25534248
  0.273699999 -45.2467651 -19.2475967 -19.4640446 -6.25534248
  0.27531001 -45.2467651 -6.29580259 -19.4640446 -6.25534248
  0.276919991 -21.1188049 -6.29580259 -32.359375 -19.1458817
  0.278530002 -34.1107826 -19.2475967 -45.4891624 -19.1458817
  0.280140013 -34.1107826 -19.2475967 -32.359375 -19.1458817
  0.281749994 -21.1188049 -19.2475967 -32.359375  6.88795233
  0.283360004 -21.1188049  6.85524893 -19.4640446  6.88795233
  0.284969985 -21.1188049 -19.2475967 -19.4640446  6.88795233
  0.286579996 -21.1188049 -6.29580259 -6.33425331  20.0312481
  0.288190007 -21.1188049  6.85524893 -19.4640446  6.88795233
  0.289799988 -21.1188049 -6.29580259 -19.4640446 -19.1458817
  0.291409999 -8.12682629 -6.29580259 -32.359375 -6.25534248
  0.29302001 -8.12682629 -6.29580259 -45.4891624 -6.25534248
  0.294629991 -34.1107826 -6.29580259 -45.4891624 -6.25534248
  0.296240002 -45.2467651  6.85524893 -19.4640446  6.88795233
  0.297850013 -71.2307205  19.8070431 -6.33425331  6.88795233
  0.299459994 -58.2387428  19.8070431 -19.4640446  6.88795233
  0.301070005 -45.2467651  6.85524893 -45.4891624  6.88795233
  0.302679986 -34.1107826 -19.2475967 -32.359375  6.88795233
  0.304289997 -34.1107826 -6.29580259 -6.33425331  6.88795233
  0.305900007 -58.2387428 -6.29580259 -6.33425331  20.0312481
  0.307509989 -45.2467651 -6.29580259 -19.4640446  20.0312481
  0.309119999 -58.2387428 -32.3986473 -32.359375  6.88795233
  0.31073001 -58.2387428 -32.3986473 -45.4891624 -6.25534248
  0.312339991 -58.2387428 -32.3986473 -19.4640446 -6.25534248
  0.313950002 -71.2307205 -6.29580259  6.56107616  6.88795233
  0.315560013 -58.2387428  6.85524893  32.8206558  32.9217873
  0.317169994 -58.2387428  6.85524893  32.8206558  46.0650826
  0.318780005 -58.2387428  6.85524893  32.8206558  32.9217873
  0.320389986 -45.2467651  19.8070431  71.7411041  32.9217873
  0.321999997  4.86515188  84.9645233  124.02581  6.88795233
  0.323610008  199.744827  137.170212  136.921143 -19.1458817
  0.325219989  695.296021  176.224854  124.02581 -58.3230095
  0.32683  1868.28601  58.8616829  58.8457756 -149.820557
  0.328440011  3991.54663 -462.398193 -201.874344 -293.133026
  0.330049992  6155.63916 -1387.75403 -736.2099 -345.200684
  0.331660002  6259.57471 -1843.85645 -970.435974 -214.778763
  0.333270013  4069.49829 -1400.70581 -618.979675 -32.5419312
  0.334879994  1842.30212 -749.130981 -136.694321  46.0650826
  0.336490005  643.328064 -319.131439  176.07605  84.9894562
  0.338099986  277.696686 -97.5561295  384.511475  241.445206
  0.339709997  526.400269  19.8070431  540.896667  541.21344
  0.341320008  1398.71887  84.9645233  697.28186  788.914001
  0.342929989  2976.31616  176.224854  866.796814  671.635376
  0.34454  5673.07959  423.703735  931.976807  124.16658
  0.346150011  9897.3291  971.066467  723.541382 -566.867432
  0.347759992  15044.0078  1753.15552  228.126282 -1127.22668
  0.349370003  19370.3379  2130.94946 -58.6189537 -1492.20593
  0.350980014  24114.2656  1401.26526  528.001343 -1674.18994
  0.352589995  37238.0195 -1087.87024  2404.62354 -1257.64868
  0.354200006  66223.125 -5323.50537  5467.61621  932.22644
  0.355809987  103599.188 -8763.90039  9963.86621  5649.91113
  0.357419997  121546.68 -7056.85352  14394.7012  11605.8457
  0.359030008  99586.5234 -762.082764  14264.3408  14890.1523
  0.360639989  55992.8672  3799.14038  8842.91016  11657.9131
  0.36225  23097.1797  4294.29736  3708.22412  5480.56494
  0.363860011  8501.61914  3225.6748  1518.59717  1635.89819
  0.365469992  3770.68286  2417.68213  984.0271  410.791504
  0.367080003  2610.68481  2144.10034  853.666992  215.411377
  0.368690014  2402.81323  1935.47693  788.955933  319.546722
  0.370299995  2766.58862  1648.74414  762.69635  619.314941
  0.371910006  4082.49048  1440.31995  788.955933  971.403564
  0.373519987  6833.07764  1401.26526  788.955933  984.294128
  0.375129998  11081.4551  1479.37451  710.411621  632.458252
  0.376740009  13987.9463  1023.27216  853.666992  189.377548
  0.37834999  11981.6133  32.7588348  1440.28723 -136.677261
  0.379960001  6988.98145 -514.603882  1792.21252 -253.955902
  0.381570011  3301.11572 -410.192505  1544.38782 -201.635468
  0.383179992  1619.58252 -201.76825  1166.67188 -123.786728
  0.384790003  877.183716 -97.5561295  853.666992 -71.2135468
  0.386400014  485.568359 -6.29580259  632.101807 -45.1797142
  0.388009995  266.56073  32.7588348  462.821289 -19.1458817
  0.389620006  108.80098  45.9098892  332.461243  6.88795233
  0.391229987  43.8410873  58.8616829  228.126282  46.0650826
  0.392839998 -8.12682629  58.8616829  162.946259  72.0989151
  0.394450009 -58.2387428  58.8616829  124.02581  46.0650826
  0.39605999 -34.1107826  32.7588348  97.7662277  20.0312481
  0.397670001 -21.1188049  19.8070431  84.8708954  20.0312481
  0.399280012 -34.1107826  19.8070431  84.8708954  20.0312481
  0.400889993 -21.1188049  19.8070431  45.7159882  46.0650826
  0.402500004 -8.12682629  6.85524893  32.8206558  20.0312481
  0.404110014  17.8571301 -6.29580259  19.6908665 -6.25534248
  0.405719995  30.8491077  6.85524893  32.8206558 -6.25534248
  0.407330006  30.8491077  19.8070431  32.8206558 -6.25534248
  0.408939987  17.8571301  32.7588348  19.6908665 -6.25534248
  0.410549998  17.8571301  6.85524893  19.6908665  6.88795233
  0.412160009  30.8491077 -19.2475967  6.56107616 -19.1458817
  0.41376999  43.8410873 -19.2475967  6.56107616 -6.25534248
  0.415380001  30.8491077  6.85524893  32.8206558  20.0312481
  0.416990012  56.833065  6.85524893  32.8206558  20.0312481
  0.418599993  82.8170242  6.85524893  6.56107616  20.0312481
  0.420210004  82.8170242  19.8070431  6.56107616  32.9217873
  0.421820015  56.833065  19.8070431 -6.33425331  20.0312481
  0.423429996  43.8410873 -6.29580259 -6.33425331 -6.25534248
  0.425040007  43.8410873 -6.29580259  6.56107616 -6.25534248
  0.426649988  43.8410873  6.85524893  19.6908665 -6.25534248
  0.428259999  17.8571301  19.8070431  32.8206558  20.0312481
  0.429870009  4.86515188  19.8070431  32.8206558  20.0312481
  0.43147999  30.8491077 -6.29580259  32.8206558  6.88795233
  0.433090001  30.8491077 -6.29580259  19.6908665 -6.25534248
  0.434700012  17.8571301 -6.29580259 -6.33425331 -19.1458817
  0.436309993  43.8410873  6.85524893  6.56107616 -6.25534248
  0.437920004  43.8410873  19.8070431  19.6908665 -6.25534248
  0.439529985  43.8410873  19.8070431  6.56107616 -19.1458817
  0.441139996  43.8410873  19.8070431 -6.33425331 -19.1458817
  0.442750007  43.8410873  6.85524893 -6.33425331 -6.25534248
  0.444359988  43.8410873 -6.29580259 -6.33425331  20.0312481
  0.445969999  30.8491077 -6.29580259 -19.4640446  20.0312481
  0.44758001  30.8491077  6.85524893 -19.4640446  6.88795233
  0.449189991  30.8491077  6.85524893 -6.33425331 -6.25534248
  0.450800002  17.8571301  6.85524893  19.6908665 -6.25534248
  0.452410012  30.8491077  6.85524893  19.6908665  6.88795233
  0.454019994  43.8410873 -19.2475967 -6.33425331 -6.25534248
  0.455630004  43.8410873 -19.2475967 -32.359375 -6.25534248
  0.457239985  4.86515188 -19.2475967 -32.359375 -19.1458817
  0.458849996 -21.1188049 -6.29580259 -45.4891624 -6.25534248
  0.460460007 -34.1107826  6.85524893 -32.359375  6.88795233
  0.462069988 -21.1188049  6.85524893 -19.4640446  20.0312481
  0.463679999 -34.1107826  19.8070431 -19.4640446  20.0312481
  0.46529001 -21.1188049  45.9098892 -19.4640446  20.0312481
  0.466899991 -8.12682629  32.7588348 -32.359375 -6.25534248
  0.468510002 -8.12682629  19.8070431 -32.359375 -6.25534248
  0.470120013 -8.12682629  6.85524893 -19.4640446  20.0312481
  0.471729994 -21.1188049  19.8070431 -6.33425331  20.0312481
  0.473340005 -34.1107826  32.7588348 -19.4640446  6.88795233
  0.474949986 -34.1107826  32.7588348 -19.4640446  20.0312481
  0.476559997 -34.1107826  19.8070431 -19.4640446  32.9217873
  0.478170007 -34.1107826  19.8070431 -6.33425331  20.0312481
  0.479779989 -21.1188049  19.8070431 -6.33425331  6.88795233
  0.481389999 -34.1107826  19.8070431 -19.4640446  6.88795233
  0.48300001 -21.1188049  32.7588348 -19.4640446  20.0312481
  0.484609991 -21.1188049  32.7588348 -6.33425331  6.88795233
  0.486220002 -21.1188049  32.7588348  6.56107616  6.88795233
  0.487830013 -21.1188049  32.7588348  6.56107616  6.88795233
  0.489439994 -21.1188049 -6.29580259 -19.4640446  20.0312481
  0.491050005 -8.12682629 -19.2475967 -19.4640446  32.9217873
  0.492659986 -8.12682629  6.85524893  6.56107616  20.0312481
  0.494269997 -21.1188049  19.8070431  6.56107616  46.0650826
  0.495880008 -34.1107826  6.85524893 -32.359375  46.0650826
  0.497489989 -34.1107826 -6.29580259 -19.4640446  20.0312481
  0.4991 -21.1188049 -6.29580259 -19.4640446  6.88795233
  0.500710011 -21.1188049  6.85524893 -19.4640446  20.0312481
  0.502319992 -21.1188049 -6.29580259 -6.33425331  20.0312481
  0.503929973 -21.1188049 -6.29580259  19.6908665  20.0312481
  0.505540013 -8.12682629 -6.29580259  32.8206558  6.88795233
  0.507149994  4.86515188 -6.29580259  32.8206558 -6.25534248
  0.508759975  17.8571301 -19.2475967  32.8206558  6.88795233
  0.510370016  17.8571301 -6.29580259  32.8206558  20.0312481
  0.511979997  4.86515188 -19.2475967  45.7159882  6.88795233
  0.513589978  4.86515188 -6.29580259  32.8206558  6.88795233
  0.515200019  43.8410873 -6.29580259  45.7159882  6.88795233
  0.51681  43.8410873 -6.29580259  32.8206558  6.88795233
  0.518419981  43.8410873 -6.29580259  32.8206558  6.88795233
  0.520030022  4.86515188  6.85524893  32.8206558 -6.25534248
  0.521640003  30.8491077  19.8070431  6.56107616 -19.1458817
  0.523249984  56.833065 -6.29580259  6.56107616  6.88795233
  0.524860024  56.833065 -6.29580259  19.6908665  6.88795233
  0.526470006  56.833065 -19.2475967  6.56107616 -6.25534248
  0.528079987  43.8410873 -19.2475967  19.6908665 -6.25534248
  0.529690027  30.8491077 -6.29580259 -6.33425331 -6.25534248
  0.531300008  30.8491077 -6.29580259 -6.33425331 -6.25534248
  0.532909989  30.8491077  19.8070431 -6.33425331 -19.1458817
  0.53451997  30.8491077  32.7588348  6.56107616 -19.1458817
  0.536130011  17.8571301  19.8070431  6.56107616 -6.25534248
  0.537739992  4.86515188  19.8070431  19.6908665 -6.25534248
  0.539349973  4.86515188  6.85524893  6.56107616 -19.1458817
  0.540960014  17.8571301 -6.29580259 -6.33425331 -6.25534248
  0.542569995  17.8571301 -6.29580259 -6.33425331  6.88795233
  0.544179976 -8.12682629  6.85524893  6.56107616  6.88795233
  0.545790017 -8.12682629 -6.29580259  19.6908665 -6.25534248
  0.547399998  4.86515188 -19.2475967  6.56107616 -19.1458817
  0.549009979  17.8571301 -6.29580259 -19.4640446 -19.1458817
  0.550620019  17.8571301  6.85524893 -6.33425331 -6.25534248
  0.55223  30.8491077  19.8070431  19.6908665  6.88795233
  0.553839982  43.8410873  19.8070431  32.8206558  6.88795233
  0.555450022  43.8410873  19.8070431  32.8206558  6.88795233
  0.557060003  43.8410873  6.85524893  32.8206558  6.88795233
  0.558669984  30.8491077 -6.29580259  19.6908665  6.88795233
  0.560280025  17.8571301  6.85524893  6.56107616 -6.25534248
  0.561890006  17.8571301  19.8070431  19.6908665 -6.25534248
  0.563499987  30.8491077  6.85524893  32.8206558 -6.25534248
  0.565110028  30.8491077  19.8070431  6.56107616  6.88795233
  0.566720009  17.8571301  32.7588348  6.56107616  20.0312481
  0.56832999  30.8491077  19.8070431  6.56107616  20.0312481
  0.569939971  30.8491077 -6.29580259  6.56107616  20.0312481
  0.571550012  30.8491077 -19.2475967  6.56107616  6.88795233
  0.573159993  30.8491077 -6.29580259 -6.33425331 -6.25534248
  0.574769974  30.8491077 -6.29580259  6.56107616 -6.25534248
  0.576380014  30.8491077 -19.2475967  6.56107616 -6.25534248
  0.577989995  56.833065 -19.2475967  6.56107616 -6.25534248
  0.579599977  56.833065 -6.29580259  19.6908665 -19.1458817
  0.581210017  43.8410873 -6.29580259  19.6908665 -19.1458817
  0.582819998  30.8491077 -6.29580259  6.56107616 -19.1458817
  0.584429979  56.833065 -6.29580259  6.56107616 -19.1458817
  0.58604002  56.833065  6.85524893  19.6908665 -19.1458817
  0.587650001  17.8571301  6.85524893  6.56107616 -6.25534248
  0.589259982  4.86515188  19.8070431  6.56107616 -19.1458817
  0.590870023  4.86515188  19.8070431 -6.33425331 -19.1458817
  0.592480004  4.86515188  19.8070431 -6.33425331 -19.1458817
  0.594089985 -21.1188049  19.8070431 -19.4640446 -6.25534248
  0.595700026 -21.1188049  19.8070431 -32.359375 -6.25534248
  0.597310007 -8.12682629  19.8070431 -32.359375 -19.1458817
  0.598919988  30.8491077  6.85524893 -6.33425331 -6.25534248
  0.600530028  17.8571301 -6.29580259 -6.33425331  6.88795233
  0.602140009  17.8571301  6.85524893  6.56107616 -6.25534248
  0.60374999  4.86515188  19.8070431  6.56107616 -6.25534248
  0.605359972 -8.12682629  6.85524893  6.56107616  6.88795233
  0.606970012 -21.1188049 -6.29580259 -6.33425331  6.88795233
  0.608579993 -21.1188049 -6.29580259 -6.33425331  20.0312481
  0.610189974 -8.12682629  6.85524893 -19.4640446  32.9217873
  0.611800015 -8.12682629  32.7588348 -32.359375  46.0650826
  0.613409996 -8.12682629  32.7588348 -32.359375  20.0312481
  0.615019977 -21.1188049  19.8070431 -6.33425331 -6.25534248
  0.616630018 -21.1188049  19.8070431  6.56107616  20.0312481
  0.618239999 -8.12682629  6.85524893 -6.33425331  20.0312481
  0.61984998  4.86515188 -6.29580259 -6.33425331  20.0312481
  0.621460021  4.86515188 -6.29580259 -19.4640446  20.0312481
  0.623070002  17.8571301 -6.29580259 -6.33425331  6.88795233
  0.624679983  17.8571301  6.85524893  6.56107616  6.88795233
  0.626290023  4.86515188  32.7588348  6.56107616  32.9217873
  0.627900004 -8.12682629  32.7588348 -6.33425331  20.0312481
  0.629509985 -21.1188049  6.85524893 -6.33425331  6.88795233
  0.631120026 -8.12682629 -19.2475967 -19.4640446 -6.25534248
  0.632730007 -8.12682629 -19.2475967 -32.359375 -6.25534248
  0.634339988 -8.12682629  6.85524893 -19.4640446 -6.25534248
  0.635950029 -21.1188049  6.85524893 -19.4640446  6.88795233
  0.63756001 -8.12682629  6.85524893 -32.359375 -6.25534248
  0.639169991  17.8571301 -6.29580259 -19.4640446 -19.1458817
  0.640779972  17.8571301 -19.2475967  6.56107616 -45.1797142
  0.642390013  17.8571301 -19.2475967  19.6908665 -58.3230095
  0.643999994  43.8410873 -6.29580259  6.56107616 -32.5419312
  0.645609975  43.8410873  6.85524893 -19.4640446 -19.1458817
  0.647220016  43.8410873  6.85524893 -6.33425331 -19.1458817
  0.648829997  17.8571301 -6.29580259 -6.33425331 -19.1458817
  0.650439978 -8.12682629 -19.2475967 -6.33425331 -6.25534248
  0.652050018 -21.1188049 -6.29580259 -19.4640446  6.88795233
  0.653659999 -34.1107826  6.85524893 -6.33425331  6.88795233
  0.65526998 -45.2467651  6.85524893  6.56107616 -6.25534248
  0.656880021 -45.2467651 -6.29580259  6.56107616 -6.25534248
  0.658490002 -34.1107826 -19.2475967 -19.4640446 -32.5419312
  0.660099983  4.86515188 -19.2475967 -19.4640446 -32.5419312
  0.661710024  4.86515188 -6.29580259 -19.4640446 -19.1458817
  0.663320005 -8.12682629 -6.29580259 -6.33425331 -19.1458817
  0.664929986  4.86515188 -19.2475967 -6.33425331 -19.1458817
  0.666540027  4.86515188 -6.29580259 -32.359375 -6.25534248
  0.668150008 -8.12682629  6.85524893 -32.359375  20.0312481
  0.669759989 -21.1188049  6.85524893 -32.359375  32.9217873
  0.671370029 -21.1188049  32.7588348 -32.359375  20.0312481
  0.672980011 -34.1107826  45.9098892 -32.359375  20.0312481
  0.674589992 -34.1107826  32.7588348 -19.4640446  32.9217873
  0.676199973 -34.1107826  6.85524893  6.56107616  32.9217873
  0.677810013 -8.12682629 -19.2475967  6.56107616  6.88795233
  0.679419994 -8.12682629 -6.29580259 -6.33425331 -6.25534248
  0.681029975 -21.1188049  19.8070431 -6.33425331 -6.25534248
  0.682640016 -21.1188049  6.85524893 -6.33425331 -6.25534248
  0.684249997 -34.1107826  6.85524893  6.56107616 -6.25534248
  0.685859978 -45.2467651  6.85524893  19.6908665 -6.25534248
  0.687470019 -21.1188049 -19.2475967  6.56107616 -6.25534248
  0.68908 -8.12682629 -45.350441  6.56107616  6.88795233
  0.690689981 -8.12682629 -45.350441  6.56107616  20.0312481
  0.692300022 -21.1188049 -19.2475967  6.56107616  32.9217873
  0.693910003 -34.1107826  6.85524893  6.56107616  6.88795233
  0.695519984 -34.1107826  19.8070431 -6.33425331 -6.25534248
  0.697130024 -34.1107826  19.8070431 -6.33425331 -6.25534248
  0.698740005 -45.2467651  19.8070431  6.56107616  6.88795233
  0.700349987 -58.2387428  6.85524893  6.56107616  6.88795233
  0.701960027 -58.2387428  19.8070431 -6.33425331  6.88795233
  0.703570008 -45.2467651  6.85524893 -19.4640446  6.88795233
  0.705179989 -8.12682629 -19.2475967 -19.4640446 -6.25534248
  0.70678997  17.8571301 -19.2475967  6.56107616 -6.25534248
  0.708400011  30.8491077 -19.2475967  19.6908665 -19.1458817
  0.710009992  43.8410873 -19.2475967  32.8206558 -6.25534248
  0.711619973  56.833065 -19.2475967  19.6908665 -19.1458817
  0.713230014  56.833065 -19.2475967  19.6908665 -19.1458817
